0	0.58408566590537	0.774517234083183	0	0	0	0	0	0	0	0	0	0	0	0	0	0	0.916419234950694	0	0	0	0	0	0	0	0	0	0	0	0	0	0	0	0	0	0	0	0	0	0	0	0	0	0	0	0	0	0	0	0	0	0	0	0.906200171745799	0	0	0	0	0	0	0	0	0	0	0	0	0.991101469491447	0.737252568744448
0.58408566590537	0	0.800749118585047	0	0	0	0	0	0	0	0	0	0	0	0	0	0	0.814153303632121	0	0	0	0	0	0	0	0	0	0	0	0	0	0	0	0	0	0	0	0	0	0	0	0	0	0	0	0	0	0	0	0	0	0	0	0	0	0	0	0	0	0	0	0	0	0	0	0	0	0.826582075849145
0.774517234083183	0.800749118585047	0	0	0.816073240518171	0	0	0	0	0	0	0	0	0	0	0	0	0	0	0	0	0	0	0	0	0	0	0	0	0	0	0	0	0	0	0	0	0	0	0	0	0	0	0	0.64497625129743	0	0	0	0	0	0.985025606983611	0	0	0	0	0	0	0	0	0	0	0	0	0	0	0	0	0
0	0	0	0	0.769769926682637	0.862324195928119	0	0	0	0	0	0	0	0	0	0	0	0	0	0	0	0	0	0	0	0	0	0	0	0	0	0	0	0	0	0	0	0.995478407886952	0	0	0	0	0	0	0	0	0	0	0	0	0	0	0	0	0	0	0	0	0	0	0	0	0	0	0	0	0	0
0	0	0.816073240518171	0.769769926682637	0	0.937666186300626	0.795056351148585	0	0	0	0	0	0	0	0	0	0	0	0	0	0	0	0	0	0	0	0	0	0	0	0	0	0	0	0	0	0	0	0	0	0	0	0	0	0	0	0	0	0	0	0	0	0	0	0	0	0	0	0	0	0	0	0	0	0	0	0	0
0	0	0	0.862324195928119	0.937666186300626	0	0.969830621049239	0.537724283511542	0	0	0	0	0	0	0	0	0	0	0	0.85334189381131	0	0	0	0	0	0	0	0	0	0	0	0	0	0	0	0	0	0	0	0	0	0	0	0	0	0	0	0	0	0	0	0	0	0	0	0	0	0	0	0	0	0	0	0	0	0	0	0
0	0	0	0	0.795056351148585	0.969830621049239	0	0.887338013696083	0.76526285421455	0	0	0	0	0	0	0	0	0	0	0	0	0	0	0	0	0	0	0	0.555917187069611	0	0	0	0	0	0	0	0	0	0	0	0	0	0	0	0	0	0	0	0	0	0	0	0	0	0	0	0	0	0	0	0	0	0	0	0	0	0	0
0	0	0	0	0	0.537724283511542	0.887338013696083	0	0.875559535199768	0	0	0	0	0	0	0	0	0	0	0	0	0	0	0	0	0	0	0	0	0	0	0.789564714965576	0	0	0	0	0	0	0	0	0	0	0	0	0	0	0	0	0	0	0	0	0	0	0	0	0	0	0	0	0	0	0	0	0	0	0	0
0	0	0	0	0	0	0.76526285421455	0.875559535199768	0	0.587858159746688	0.687006721020308	0	0	0	0	0	0	0	0	0	0	0	0	0	0	0	0	0	0	0	0	0	0	0	0	0	0	0	0	0	0	0	0	0	0	0	0	0	0	0	0	0	0	0	0	0	0	0	0	0	0	0	0	0	0	0	0	0
0	0	0	0	0	0	0	0	0.587858159746688	0	0.805414170522713	0.994148550909302	0	0	0	0	0	0	0	0	0.796568416467655	0	0	0	0	0	0	0	0	0	0	0	0	0	0	0	0	0	0	0	0	0	0	0	0	0	0	0	0	0	0	0	0	0	0	0	0	0	0	0.819794197394307	0	0	0	0	0	0	0	0
0	0	0	0	0	0	0	0	0.687006721020308	0.805414170522713	0	0.942229628064581	0.681162380663606	0	0	0	0	0	0	0	0	0	0	0	0	0	0	0	0	0	0	0	0	0	0	0	0	0	0	0	0	0	0	0	0	0	0	0	0	0	0	0	0	0	0	0	0	0	0	0	0	0	0	0	0	0	0	0
0	0	0	0	0	0	0	0	0	0.994148550909302	0.942229628064581	0	0.925509835921581	0.729569267036603	0	0	0	0	0	0	0	0	0	0	0	0	0	0.877083312841544	0	0	0	0	0	0	0	0	0	0	0	0	0	0	0	0	0	0	0	0	0	0	0	0	0	0	0	0	0	0	0	0	0	0	0	0	0	0	0	0
0	0	0	0	0	0	0	0	0	0	0.681162380663606	0.925509835921581	0	0	0	0	0	0	0	0	0	0	0	0	0	0	0	0.81710871311642	0	0	0	0	0	0	0	0	0	0	0	0	0.744195989198341	0	0	0	0	0	0	0	0	0	0	0	0	0.881073306263036	0	0	0	0	0.778072918627306	0	0	0	0	0	0.816768626827772	0	0	0
0	0	0	0	0	0	0	0	0	0	0	0.729569267036603	0	0	0.741417649024491	0.917096322394336	0	0	0	0	0	0	0	0	0	0	0	0	0	0	0	0	0	0	0	0	0	0	0	0	0	0	0	0	0	0	0	0	0	0	0	0	0	0	0	0	0	0	0	0	0	0	0	0	0	0	0	0
0	0	0	0	0	0	0	0	0	0	0	0	0	0.741417649024491	0	0.827558614301255	0.790555684045918	0	0	0	0	0	0	0	0	0	0	0	0	0	0	0	0	0	0	0	0	0	0	0	0	0	0	0	0	0	0	0	0	0	0	0	0	0	0	0	0	0	0	0	0	0	0	0	0	0	0	0
0	0	0	0	0	0	0	0	0	0	0	0	0	0.917096322394336	0.827558614301255	0	0.928621047213505	0	0	0	0	0	0	0	0	0	0	0	0	0	0	0	0	0	0	0	0	0	0	0	0	0	0	0	0	0	0	0	0	0	0	0	0	0	0	0	0	0	0	0	0	0.89808894374572	0	0	0	0	0	0
0	0	0	0	0	0	0	0	0	0	0	0	0	0	0.790555684045918	0.928621047213505	0	0	0.931026304976821	0	0	0	0	0	0	0	0	0	0	0	0	0	0	0	0	0	0	0	0	0	0	0	0	0	0	0	0	0	0	0	0	0	0	0.78524755804404	0	0	0	0	0	0	0	0	0	0	0	0	0	0
0.916419234950694	0.814153303632121	0	0	0	0	0	0	0	0	0	0	0	0	0	0	0	0	0	0.628770360397728	0	0	0	0	0	0	0	0	0	0	0	0	0	0	0	0	0	0	0	0	0	0	0	0	0	0	0	0	0	0	0	0	0	0	0	0	0	0	0	0	0	0	0	0	0	0	0	0
0	0	0	0	0	0	0	0	0	0	0	0	0	0	0	0	0.931026304976821	0	0	0	0	0	0	0	0	0	0	0	0.833695955702986	0	0	0	0	0	0	0	0	0	0	0	0	0	0	0	0	0	0	0	0	0	0	0	0	0	0	0	0	0	0	0	0	0	0.814717768750578	0	0	0	0	0
0	0	0	0	0	0.85334189381131	0	0	0	0	0	0	0	0	0	0	0	0.628770360397728	0	0	0.989549773811974	0	0	0	0	0	0	0	0	0.922043053521099	0	0	0	0	0	0	0	0	0	0	0	0	0	0	0	0	0	0	0	0	0	0	0	0	0	0	0	0	0	0	0	0	0	0	0	0	0	0
0	0	0	0	0	0	0	0	0	0.796568416467655	0	0	0	0	0	0	0	0	0	0.989549773811974	0	0	0.565502426225546	0	0	0	0	0	0	0	0	0	0	0	0	0	0	0	0	0	0	0	0	0	0	0.621156280865419	0	0	0	0	0	0	0	0	0	0	0	0	0	0	0	0	0	0	0	0	0	0
0	0	0	0	0	0	0	0	0	0	0	0	0	0	0	0	0	0	0	0	0	0	0.980984217127361	0.861468812219624	0	0	0	0	0	0	0	0	0	0	0	0	0	0	0	0	0	0	0	0	0	0	0	0	0	0	0	0	0	0	0	0	0	0	0	0	0	0	0	0	0	0	0	0
0	0	0	0	0	0	0	0	0	0	0	0	0	0	0	0	0	0	0	0	0.565502426225546	0.980984217127361	0	0.982730447236994	0.904431512856469	0	0	0	0	0	0	0	0	0	0	0	0	0	0	0	0	0	0	0	0	0	0	0	0	0	0	0	0	0	0	0	0	0	0	0	0	0	0	0	0	0	0	0
0	0	0	0	0	0	0	0	0	0	0	0	0	0	0	0	0	0	0	0	0	0.861468812219624	0.982730447236994	0	0	0.731008833474577	0	0	0	0	0	0	0	0	0	0	0	0	0	0	0	0	0.951411875241434	0	0	0	0	0	0	0	0	0	0	0	0	0	0	0	0	0	0	0	0	0	0	0	0	0
0	0	0	0	0	0	0	0	0	0	0	0	0	0	0	0	0	0	0	0	0	0	0.904431512856469	0	0	0.813357900952455	0	0	0	0	0	0	0	0	0	0	0	0	0	0	0	0	0	0	0	0	0	0	0	0	0	0	0	0	0	0	0	0	0	0	0.725742397619564	0	0	0	0	0	0	0
0	0	0	0	0	0	0	0	0	0	0	0	0	0	0	0	0	0	0	0	0	0	0	0.731008833474577	0.813357900952455	0	0.86546141489468	0.82401285054641	0	0	0	0	0	0	0	0	0	0	0	0	0	0	0	0	0	0	0	0	0	0	0	0	0	0	0	0	0	0	0	0	0	0	0	0	0	0	0	0
0	0	0	0	0	0	0	0	0	0	0	0	0	0	0	0	0	0	0	0	0	0	0	0	0	0.86546141489468	0	0.713490121963671	0.704276443954416	0	0	0	0	0.7919453052755	0	0	0	0	0	0	0	0	0	0	0	0	0	0	0	0	0	0	0	0	0	0	0	0	0	0	0	0	0	0	0	0	0	0
0	0	0	0	0	0	0	0	0	0	0	0.877083312841544	0.81710871311642	0	0	0	0	0	0	0	0	0	0	0	0	0.82401285054641	0.713490121963671	0	0	0	0	0	0	0	0	0	0	0	0	0	0	0	0	0	0	0	0	0	0	0	0	0	0	0	0	0	0	0	0	0	0	0	0	0	0	0	0	0
0	0	0	0	0	0	0.555917187069611	0	0	0	0	0	0	0	0	0	0	0	0.833695955702986	0	0	0	0	0	0	0	0.704276443954416	0	0	0	0	0	0	0	0	0	0	0	0	0	0	0	0	0	0	0	0	0	0	0.791508299905562	0	0	0	0	0	0	0	0	0	0	0	0	0	0	0	0	0	0
0	0	0	0	0	0	0	0	0	0	0	0	0	0	0	0	0	0	0	0.922043053521099	0	0	0	0	0	0	0	0	0	0	0.615257133434686	0	0	0	0	0	0	0	0	0	0	0	0	0	0	0	0	0	0	0	0	0	0	0	0	0	0	0	0.722418376411547	0	0	0	0	0	0	0	0	0
0	0	0	0	0	0	0	0	0	0	0	0	0	0	0	0	0	0	0	0	0	0	0	0	0	0	0	0	0	0.615257133434686	0	0.857714656177629	0.953495540032752	0	0	0	0	0	0	0	0	0	0	0	0	0	0	0	0	0	0	0	0	0	0	0	0	0	0	0	0	0	0	0	0	0	0	0
0	0	0	0	0	0	0	0.789564714965576	0	0	0	0	0	0	0	0	0	0	0	0	0	0	0	0	0	0	0	0	0	0	0.857714656177629	0	0.845209963746517	0.603623500461324	0	0	0	0	0	0	0	0	0	0	0	0	0	0	0	0	0	0	0	0	0	0	0	0	0	0	0	0	0	0	0	0	0	0
0	0	0	0	0	0	0	0	0	0	0	0	0	0	0	0	0	0	0	0	0	0	0	0	0	0	0	0	0	0	0.953495540032752	0.845209963746517	0	0.818556829988721	0.90115177495808	0	0	0	0	0	0	0	0	0	0	0	0	0	0	0	0	0	0	0	0	0	0	0	0	0	0	0	0	0	0	0	0	0
0	0	0	0	0	0	0	0	0	0	0	0	0	0	0	0	0	0	0	0	0	0	0	0	0	0	0.7919453052755	0	0	0	0	0.603623500461324	0.818556829988721	0	0	0.840881372096406	0	0.942263605063542	0	0	0	0	0	0	0	0	0	0	0	0	0	0	0	0	0	0	0	0	0	0	0	0	0	0	0	0	0	0
0	0	0	0	0	0	0	0	0	0	0	0	0	0	0	0	0	0	0	0	0	0	0	0	0	0	0	0	0	0	0	0	0.90115177495808	0	0	0.964216841228735	0.905516559185939	0	0	0	0	0	0	0	0	0	0	0	0	0	0	0	0	0	0	0	0	0	0	0	0	0	0	0	0	0	0	0
0	0	0	0	0	0	0	0	0	0	0	0	0	0	0	0	0	0	0	0	0	0	0	0	0	0	0	0	0	0	0	0	0	0.840881372096406	0.964216841228735	0	0.706049474451891	0.832794468187822	0	0	0	0	0	0	0	0	0	0	0	0	0	0	0	0	0	0	0	0	0	0	0	0	0	0	0	0	0	0
0	0	0	0	0	0	0	0	0	0	0	0	0	0	0	0	0	0	0	0	0	0	0	0	0	0	0	0	0	0	0	0	0	0	0.905516559185939	0.706049474451891	0	0	0.856584945793482	0	0	0	0	0	0	0	0	0	0	0	0	0	0	0	0	0	0	0	0.810376225293591	0	0	0	0	0	0	0	0	0
0	0	0	0.995478407886952	0	0	0	0	0	0	0	0	0	0	0	0	0	0	0	0	0	0	0	0	0	0	0	0	0	0	0	0	0	0.942263605063542	0	0.832794468187822	0	0	0	0	0	0	0	0	0	0	0	0	0	0	0	0	0	0	0	0	0	0	0	0	0	0	0	0	0	0	0	0
0	0	0	0	0	0	0	0	0	0	0	0	0	0	0	0	0	0	0	0	0	0	0	0	0	0	0	0	0	0	0	0	0	0	0	0	0.856584945793482	0	0	0.817967270772818	0.809545974194311	0	0	0	0	0	0	0	0	0	0	0	0	0	0	0	0	0	0	0	0	0	0	0	0	0	0	0
0	0	0	0	0	0	0	0	0	0	0	0	0	0	0	0	0	0	0	0	0	0	0	0	0	0	0	0	0	0	0	0	0	0	0	0	0	0	0.817967270772818	0	0	0.907173796358292	0	0	0	0.892572788790684	0	0	0	0	0	0	0	0	0	0	0	0	0	0	0	0	0	0	0	0	0	0
0	0	0	0	0	0	0	0	0	0	0	0	0.744195989198341	0	0	0	0	0	0	0	0	0	0	0	0	0	0	0	0	0	0	0	0	0	0	0	0	0	0.809545974194311	0	0	0	0.702858092719365	0	0	0	0	0	0	0	0	0	0	0	0	0	0	0	0	0	0	0	0	0	0	0	0	0
0	0	0	0	0	0	0	0	0	0	0	0	0	0	0	0	0	0	0	0	0	0	0	0	0	0	0	0	0	0	0	0	0	0	0	0	0	0	0	0.907173796358292	0	0	0.668880137303805	0.723877735363415	0	0	0	0	0	0	0	0	0	0	0	0	0	0	0	0	0	0	0	0	0	0	0	0
0	0	0	0	0	0	0	0	0	0	0	0	0	0	0	0	0	0	0	0	0	0	0	0.951411875241434	0	0	0	0	0	0	0	0	0	0	0	0	0	0	0	0	0.702858092719365	0.668880137303805	0	0.946729809277842	0.889357876554441	0	0	0	0	0	0	0	0	0	0	0	0	0	0	0	0	0	0	0	0	0	0	0
0	0	0	0	0	0	0	0	0	0	0	0	0	0	0	0	0	0	0	0	0	0	0	0	0	0	0	0	0	0	0	0	0	0	0	0	0	0	0	0	0	0.723877735363415	0.946729809277842	0	0.967987316289163	0.738278742774312	0	0	0	0	0	0	0	0	0	0	0	0	0	0	0	0	0.674028952199199	0	0	0	0	0
0	0	0.64497625129743	0	0	0	0	0	0	0	0	0	0	0	0	0	0	0	0	0	0	0	0	0	0	0	0	0	0	0	0	0	0	0	0	0	0	0	0	0	0	0	0.889357876554441	0.967987316289163	0	0.880940909426187	0	0	0	0	0	0	0	0	0	0	0	0	0	0	0.928595902527929	0	0	0	0	0	0	0
0	0	0	0	0	0	0	0	0	0	0	0	0	0	0	0	0	0	0	0	0.621156280865419	0	0	0	0	0	0	0	0	0	0	0	0	0	0	0	0	0	0	0.892572788790684	0	0	0	0.738278742774312	0.880940909426187	0	0	0.653962350602332	0	0.990803935595083	0	0	0	0	0	0	0	0	0	0	0	0	0	0	0	0	0	0
0	0	0	0	0	0	0	0	0	0	0	0	0	0	0	0	0	0	0	0	0	0	0	0	0	0	0	0	0	0	0	0	0	0	0	0	0	0	0	0	0	0	0	0	0	0	0	0.867698791560543	0.728878038558479	0	0	0	0	0	0	0	0.823581923229661	0	0	0	0	0	0	0	0	0	0	0
0	0	0	0	0	0	0	0	0	0	0	0	0	0	0	0	0	0	0	0	0	0	0	0	0	0	0	0	0	0	0	0	0	0	0	0	0	0	0	0	0	0	0	0	0	0.653962350602332	0.867698791560543	0	0.833833039414033	0.989102605527211	0	0	0	0	0	0	0	0	0	0	0	0	0	0	0	0	0	0
0	0	0	0	0	0	0	0	0	0	0	0	0	0	0	0	0	0	0	0	0	0	0	0	0	0	0	0	0	0	0	0	0	0	0	0	0	0	0	0	0	0	0	0	0	0	0.728878038558479	0.833833039414033	0	0.707360379399423	0.846440360927077	0	0	0	0	0	0	0.857493061381644	0	0	0	0	0	0	0	0	0	0
0	0	0	0	0	0	0	0	0	0	0	0	0	0	0	0	0	0	0	0	0	0	0	0	0	0	0	0	0.791508299905562	0	0	0	0	0	0	0	0	0	0	0	0	0	0	0	0	0.990803935595083	0	0.989102605527211	0.707360379399423	0	0	0	0	0	0	0	0	0	0	0	0	0	0	0.762352043292915	0	0	0	0
0	0	0.985025606983611	0	0	0	0	0	0	0	0	0	0	0	0	0	0	0	0	0	0	0	0	0	0	0	0	0	0	0	0	0	0	0	0	0	0	0	0	0	0	0	0	0	0	0	0	0	0.846440360927077	0	0	0.984372460163348	0.969037982043137	0	0	0	0	0	0	0	0	0	0	0	0	0	0	0
0	0	0	0	0	0	0	0	0	0	0	0	0	0	0	0	0	0	0	0	0	0	0	0	0	0	0	0	0	0	0	0	0	0	0	0	0	0	0	0	0	0	0	0	0	0	0	0	0	0	0.984372460163348	0	0.66293880579833	0.87395549972857	0	0	0	0	0	0	0	0	0	0	0	0	0	0
0	0	0	0	0	0	0	0	0	0	0	0	0	0	0	0	0	0	0	0	0	0	0	0	0	0	0	0	0	0	0	0	0	0	0	0	0	0	0	0	0	0	0	0	0	0	0	0	0	0	0.969037982043137	0.66293880579833	0	0.965192707913168	0	0	0	0	0	0	0	0	0	0	0	0	0	0
0.906200171745799	0	0	0	0	0	0	0	0	0	0	0	0.881073306263036	0	0	0	0.78524755804404	0	0	0	0	0	0	0	0	0	0	0	0	0	0	0	0	0	0	0	0	0	0	0	0	0	0	0	0	0	0	0	0	0	0	0.87395549972857	0.965192707913168	0	0	0	0	0	0	0	0	0	0	0	0	0	0	0
0	0	0	0	0	0	0	0	0	0	0	0	0	0	0	0	0	0	0	0	0	0	0	0	0	0	0	0	0	0	0	0	0	0	0	0	0	0	0	0	0	0	0	0	0	0	0	0	0	0	0	0	0	0	0	0.694553172852134	0.728968611179613	0	0	0	0	0	0	0	0	0	0	0
0	0	0	0	0	0	0	0	0	0	0	0	0	0	0	0	0	0	0	0	0	0	0	0	0	0	0	0	0	0	0	0	0	0	0	0	0	0	0	0	0	0	0	0	0	0	0	0	0	0	0	0	0	0	0.694553172852134	0	0.852529063242649	0.841728408637468	0	0	0	0	0	0	0	0	0	0
0	0	0	0	0	0	0	0	0	0	0	0	0	0	0	0	0	0	0	0	0	0	0	0	0	0	0	0	0	0	0	0	0	0	0	0	0	0	0	0	0	0	0	0	0	0	0.823581923229661	0	0	0	0	0	0	0	0.728968611179613	0.852529063242649	0	0.801966113156781	0	0	0	0	0	0	0	0	0	0
0	0	0	0	0	0	0	0	0	0	0	0	0	0	0	0	0	0	0	0	0	0	0	0	0	0	0	0	0	0	0	0	0	0	0	0	0	0	0	0	0	0	0	0	0	0	0	0	0.857493061381644	0	0	0	0	0	0	0.841728408637468	0.801966113156781	0	0	0.695010067278939	0	0	0	0	0	0	0	0
0	0	0	0	0	0	0	0	0	0	0	0	0.778072918627306	0	0	0	0	0	0	0	0	0	0	0	0	0	0	0	0	0.722418376411547	0	0	0	0	0	0	0.810376225293591	0	0	0	0	0	0	0	0	0	0	0	0	0	0	0	0	0	0	0	0	0	0	0.918277607621396	0	0	0	0	0	0	0	0
0	0	0	0	0	0	0	0	0	0.819794197394307	0	0	0	0	0	0	0	0	0	0	0	0	0	0	0	0	0	0	0	0	0	0	0	0	0	0	0	0	0	0	0	0	0	0	0	0	0	0	0	0	0	0	0	0	0	0	0	0.695010067278939	0.918277607621396	0	0.905804499697966	0	0	0	0	0	0	0
0	0	0	0	0	0	0	0	0	0	0	0	0	0	0	0	0	0	0	0	0	0	0	0	0.725742397619564	0	0	0	0	0	0	0	0	0	0	0	0	0	0	0	0	0	0	0	0.928595902527929	0	0	0	0	0	0	0	0	0	0	0	0	0	0	0.905804499697966	0	0.896030453177233	0.804581783367476	0	0	0	0	0
0	0	0	0	0	0	0	0	0	0	0	0	0	0	0	0.89808894374572	0	0	0	0	0	0	0	0	0	0	0	0	0	0	0	0	0	0	0	0	0	0	0	0	0	0	0	0	0	0	0	0	0	0	0	0	0	0	0	0	0	0	0	0	0.896030453177233	0	0.710268637005077	0.822526247726423	0	0	0	0
0	0	0	0	0	0	0	0	0	0	0	0	0	0	0	0	0	0	0.814717768750578	0	0	0	0	0	0	0	0	0	0	0	0	0	0	0	0	0	0	0	0	0	0	0	0	0.674028952199199	0	0	0	0	0	0	0	0	0	0	0	0	0	0	0	0	0.804581783367476	0.710268637005077	0	0	0.546378104462444	0	0	0
0	0	0	0	0	0	0	0	0	0	0	0	0	0	0	0	0	0	0	0	0	0	0	0	0	0	0	0	0	0	0	0	0	0	0	0	0	0	0	0	0	0	0	0	0	0	0	0	0	0.762352043292915	0	0	0	0	0	0	0	0	0	0	0	0.822526247726423	0	0	0.718076021915968	0.727201347461264	0	0
0	0	0	0	0	0	0	0	0	0	0	0	0.816768626827772	0	0	0	0	0	0	0	0	0	0	0	0	0	0	0	0	0	0	0	0	0	0	0	0	0	0	0	0	0	0	0	0	0	0	0	0	0	0	0	0	0	0	0	0	0	0	0	0	0	0.546378104462444	0.718076021915968	0	0.793715111014386	0.919836765308548	0
0	0	0	0	0	0	0	0	0	0	0	0	0	0	0	0	0	0	0	0	0	0	0	0	0	0	0	0	0	0	0	0	0	0	0	0	0	0	0	0	0	0	0	0	0	0	0	0	0	0	0	0	0	0	0	0	0	0	0	0	0	0	0	0.727201347461264	0.793715111014386	0	0.740724127811492	0.990928344082533
0.991101469491447	0	0	0	0	0	0	0	0	0	0	0	0	0	0	0	0	0	0	0	0	0	0	0	0	0	0	0	0	0	0	0	0	0	0	0	0	0	0	0	0	0	0	0	0	0	0	0	0	0	0	0	0	0	0	0	0	0	0	0	0	0	0	0	0.919836765308548	0.740724127811492	0	0.883889378567248
0.737252568744448	0.826582075849145	0	0	0	0	0	0	0	0	0	0	0	0	0	0	0	0	0	0	0	0	0	0	0	0	0	0	0	0	0	0	0	0	0	0	0	0	0	0	0	0	0	0	0	0	0	0	0	0	0	0	0	0	0	0	0	0	0	0	0	0	0	0	0	0.990928344082533	0.883889378567248	0
