0	0.833836346437756	0.885890936331033	0	0	0	0	0	0	0	0	0	0	0.931509259996892	0	0	0	0	0	0	0	0	0	0	0	0	0	0	0	0	0	0	0	0	0	0	0	0	0	0	0	0	0	0	0	0	0	0	0	0	0	0	0	0	0	0	0	0	0	0	0	0	0	0	0	0	0	0.785016282857259
0.833836346437756	0	0.981424967866577	0	0	0	0	0	0	0	0	0	0	0	0	0	0	0	0	0	0	0	0	0	0	0	0	0	0	0	0	0	0	0	0	0	0	0	0	0	0	0	0	0	0	0	0	0	0	0.822231145268948	0	0	0	0	0	0	0	0	0	0	0	0	0	0	0	0	0	0.979547702842365
0.885890936331033	0.981424967866577	0	0.763098551827399	0	0	0	0	0	0	0	0	0	0	0	0	0	0	0	0	0	0	0	0.786744685850741	0	0	0	0	0	0	0	0	0	0	0	0	0	0	0	0	0	0	0	0	0	0.708904260025964	0	0	0	0	0	0	0	0	0	0	0	0	0	0	0	0	0	0	0	0	0	0
0	0	0.763098551827399	0	0	0	0	0	0	0	0	0	0	0	0	0	0	0	0.819057395282162	0	0	0	0	0	0	0	0	0	0	0	0	0	0	0	0	0	0	0	0	0	0	0.794998103967883	0	0	0	0	0.827267896364235	0	0	0	0	0	0	0	0	0	0	0	0	0	0	0	0	0	0	0	0	0
0	0	0	0	0	0.89627023469012	0.822251255951464	0	0	0	0	0	0	0	0	0	0	0	0	0	0	0	0	0	0	0	0	0	0	0	0	0	0	0	0	0	0	0	0	0	0	0	0	0	0	0	0	0	0	0	0	0	0	0	0	0	0	0	0	0	0	0	0	0	0	0	0.676650345053433	0
0	0	0	0	0.89627023469012	0	0.703963879700552	0.868447450822181	0	0	0	0	0	0	0	0	0	0	0	0	0	0	0	0	0	0	0	0	0	0	0	0	0	0	0	0	0	0	0	0	0	0	0	0	0	0	0	0	0	0	0	0	0	0	0	0	0	0	0	0	0	0	0	0	0	0	0	0
0	0	0	0	0.822251255951464	0.703963879700552	0	0	0.820979099002207	0	0	0	0	0	0	0	0	0	0	0	0	0	0	0	0	0	0	0	0	0	0	0	0	0	0	0	0	0	0	0	0	0	0	0	0	0	0	0	0	0	0	0	0	0	0	0	0	0	0	0	0	0	0.756009126620295	0	0	0	0	0
0	0	0	0	0	0.868447450822181	0	0	0.599489796214115	0.998655698585355	0	0	0	0	0	0.886564490954855	0	0	0	0	0	0	0	0	0	0	0	0	0	0	0	0	0	0	0	0	0	0	0	0	0	0	0	0	0	0	0	0	0	0	0	0	0	0	0	0	0	0	0	0	0	0	0	0	0	0	0	0
0	0	0	0	0	0	0.820979099002207	0.599489796214115	0	0.972403445218793	0	0	0	0	0.904348348292973	0	0	0	0	0	0	0	0	0	0.796981056545646	0	0	0	0	0	0	0	0	0	0	0	0	0	0	0	0	0	0	0	0	0	0	0	0	0	0	0	0	0	0	0.997100187457622	0	0	0	0	0	0	0	0	0	0	0	0
0	0	0	0	0	0	0	0.998655698585355	0.972403445218793	0	0.698400347291164	0	0	0	0	0	0	0	0	0	0	0	0	0	0	0	0.838396037440898	0	0	0	0	0	0	0	0	0	0	0	0	0	0	0	0	0	0	0	0	0	0	0	0	0	0	0	0	0	0	0	0	0	0	0	0	0	0	0	0	0
0	0	0	0	0	0	0	0	0	0.698400347291164	0	0	0.910502587637873	0	0	0	0	0	0	0	0	0	0	0	0	0	0	0	0	0	0	0.796019531984447	0	0	0	0	0	0	0	0	0	0	0	0	0	0	0	0	0	0	0	0	0	0	0	0	0	0	0	0	0	0	0	0	0	0	0	0
0	0	0	0	0	0	0	0	0	0	0	0	0	0.922598300567952	0	0	0.907358892722612	0	0	0	0	0	0	0	0	0	0	0	0	0	0	0	0	0	0	0	0	0	0	0	0	0	0	0	0	0	0	0	0	0	0	0	0	0	0	0	0	0.926349590858927	0	0	0	0	0	0	0	0	0	0
0	0	0	0	0	0	0	0	0	0	0.910502587637873	0	0	0.906874807530412	0.986864587928987	0	0	0	0	0	0	0	0	0	0	0	0	0	0	0	0	0	0	0	0	0	0	0	0	0	0	0	0	0	0	0	0	0	0	0	0	0	0	0	0	0	0	0	0	0	0	0	0	0	0	0	0	0
0.931509259996892	0	0	0	0	0	0	0	0	0	0	0.922598300567952	0.906874807530412	0	0.991023867765336	0	0	0	0	0	0	0	0	0	0	0	0	0	0	0	0	0	0	0	0	0	0	0	0	0	0	0	0	0	0	0	0	0	0	0	0	0	0	0	0	0	0	0	0	0	0	0	0	0	0	0	0	0
0	0	0	0	0	0	0	0	0.904348348292973	0	0	0	0.986864587928987	0.991023867765336	0	0	0	0	0	0	0	0	0	0	0	0.859311060002886	0	0	0	0	0	0	0	0	0	0	0	0	0	0	0	0	0	0	0	0	0	0	0	0.708464800773776	0	0	0	0	0	0	0	0	0	0	0	0	0	0	0	0	0	0
0	0	0	0	0	0	0	0.886564490954855	0	0	0	0	0	0	0	0	0	0.991965810012906	0	0	0	0	0	0	0	0	0	0	0	0	0	0	0	0	0	0	0	0	0	0	0	0	0	0	0.710220498700901	0	0	0	0	0	0	0	0	0	0	0	0	0	0.781549287272822	0	0	0	0	0	0	0	0	0
0	0	0	0	0	0	0	0	0	0	0	0.907358892722612	0	0	0	0	0	0.72468121264433	0	0	0	0	0	0	0	0	0	0	0	0	0	0	0	0	0	0	0	0	0	0	0	0	0	0	0	0	0	0	0	0	0	0	0	0	0	0	0	0	0	0	0	0	0	0	0	0	0	0
0	0	0	0	0	0	0	0	0	0	0	0	0	0	0	0.991965810012906	0.72468121264433	0	0.640415554345923	0	0	0	0	0	0	0	0	0	0	0	0	0	0	0	0	0	0	0	0	0	0	0	0	0	0	0	0	0	0	0	0	0	0	0	0	0	0	0	0	0	0	0	0	0	0	0	0.838803101837192	0
0	0	0	0.819057395282162	0	0	0	0	0	0	0	0	0	0	0	0	0	0.640415554345923	0	0.728508471269216	0.912798091141219	0	0	0	0	0	0	0	0	0	0	0	0	0	0	0	0	0	0	0	0	0	0	0	0	0	0	0	0	0	0	0	0	0	0	0	0	0.9224066704643	0	0	0	0	0	0	0	0	0	0
0	0	0	0	0	0	0	0	0	0	0	0	0	0	0	0	0	0	0.728508471269216	0	0.888987161883822	0.861916671283494	0	0	0	0	0	0	0	0	0	0	0	0	0	0	0	0	0	0	0	0	0	0	0	0	0	0	0	0	0	0	0	0	0	0	0	0	0	0	0	0	0	0	0	0	0	0
0	0	0	0	0	0	0	0	0	0	0	0	0	0	0	0	0	0	0.912798091141219	0.888987161883822	0	0	0.840212771592957	0	0	0	0	0	0	0	0	0	0	0	0	0	0	0	0	0	0	0	0	0	0	0	0	0	0	0	0	0	0	0	0	0	0	0	0	0	0.929942976576032	0	0	0	0	0	0	0
0	0	0	0	0	0	0	0	0	0	0	0	0	0	0	0	0	0	0	0.861916671283494	0	0	0.921843237608746	0	0	0	0	0	0	0	0	0	0	0	0	0	0	0	0	0	0	0	0	0	0.838666872289024	0	0	0	0	0	0	0	0	0	0	0	0	0	0	0	0	0	0	0	0	0	0	0
0	0	0	0	0	0	0	0	0	0	0	0	0	0	0	0	0	0	0	0	0.840212771592957	0.921843237608746	0	0	0.79734759864942	0	0	0	0	0	0	0	0.78860031204522	0	0	0	0	0	0	0.832092344490406	0	0	0	0	0	0	0	0	0	0	0	0.937370690334462	0	0	0	0	0	0	0	0	0	0	0	0	0	0	0	0.947934727275717
0	0	0.786744685850741	0	0	0	0	0	0	0	0	0	0	0	0	0	0	0	0	0	0	0	0	0	0	0	0	0	0	0	0	0	0	0	0	0	0	0	0	0	0	0	0	0	0	0	0	0.574605111203071	0	0	0	0	0	0	0	0	0	0	0	0.931192989240361	0	0	0	0	0	0	0	0
0	0	0	0	0	0	0	0	0.796981056545646	0	0	0	0	0	0	0	0	0	0	0	0	0	0.79734759864942	0	0	0	0.879660141057003	0	0	0	0	0	0	0	0	0	0	0	0	0	0	0	0	0	0	0.918641411553094	0	0	0	0	0	0	0	0	0	0	0	0	0	0	0	0	0	0	0	0	0	0
0	0	0	0	0	0	0	0	0	0	0	0	0	0	0.859311060002886	0	0	0	0	0	0	0	0	0	0	0	0	0.937052296820867	0	0	0	0	0	0	0	0	0	0	0	0	0	0	0	0	0	0	0	0	0	0	0	0	0	0	0	0	0	0	0	0	0	0	0	0	0	0	0	0
0	0	0	0	0	0	0	0	0	0.838396037440898	0	0	0	0	0	0	0	0	0	0	0	0	0	0	0.879660141057003	0	0	0.835477495884833	0.890347115202367	0	0	0	0	0	0	0	0	0	0	0	0	0	0	0	0	0	0	0	0	0	0	0	0	0	0	0	0	0	0	0	0	0	0	0	0	0	0	0
0	0	0	0	0	0	0	0	0	0	0	0	0	0	0	0	0	0	0	0	0	0	0	0	0	0.937052296820867	0.835477495884833	0	0.822144054580153	0	0	0	0	0	0	0	0	0	0	0	0	0	0	0	0	0	0	0	0	0	0	0	0	0	0	0	0	0	0	0	0	0.890846103118788	0	0	0	0	0	0
0	0	0	0	0	0	0	0	0	0	0	0	0	0	0	0	0	0	0	0	0	0	0	0	0	0	0.890347115202367	0.822144054580153	0	0	0.936355751923052	0.758658695795012	0	0	0	0	0	0	0	0	0	0	0	0	0	0	0	0	0	0	0	0	0	0	0	0	0	0	0	0	0	0	0	0	0	0	0	0
0	0	0	0	0	0	0	0	0	0	0	0	0	0	0	0	0	0	0	0	0	0	0	0	0	0	0	0	0	0	0.853335918850714	0	0	0	0	0	0.922416529213286	0	0	0	0	0	0	0	0	0	0	0	0	0	0	0	0	0	0	0	0	0	0	0	0	0	0	0	0	0	0	0
0	0	0	0	0	0	0	0	0	0	0	0	0	0	0	0	0	0	0	0	0	0	0	0	0	0	0	0	0.936355751923052	0.853335918850714	0	0.58611688122325	0.730615661197158	0	0	0	0	0	0	0	0	0	0	0	0	0	0	0	0	0	0	0	0	0	0	0	0	0	0	0	0	0	0	0	0	0	0	0
0	0	0	0	0	0	0	0	0	0	0.796019531984447	0	0	0	0	0	0	0	0	0	0	0	0	0	0	0	0	0	0.758658695795012	0	0.58611688122325	0	0.539573971432113	0.601889518724672	0	0	0	0	0	0	0	0	0	0	0	0	0	0	0	0	0	0	0	0	0	0	0	0	0	0	0	0	0	0	0	0	0	0
0	0	0	0	0	0	0	0	0	0	0	0	0	0	0	0	0	0	0	0	0	0	0.78860031204522	0	0	0	0	0	0	0	0.730615661197158	0.539573971432113	0	0	0.793847631566767	0	0	0	0	0	0	0	0	0	0	0	0	0	0	0	0	0	0	0	0	0	0	0	0	0	0	0	0	0	0	0	0	0
0	0	0	0	0	0	0	0	0	0	0	0	0	0	0	0	0	0	0	0	0	0	0	0	0	0	0	0	0	0	0	0.601889518724672	0	0	0.98590149121287	0.644001710896129	0	0	0	0	0	0	0	0	0	0	0	0	0	0	0	0	0	0	0	0	0	0	0	0	0	0	0	0	0	0.870033645047698	0	0
0	0	0	0	0	0	0	0	0	0	0	0	0	0	0	0	0	0	0	0	0	0	0	0	0	0	0	0	0	0	0	0	0.793847631566767	0.98590149121287	0	0.756598276428957	0	0	0.991563719306729	0	0	0	0	0	0	0	0	0	0	0	0	0	0	0	0	0	0	0	0	0	0	0.689368785685086	0	0	0	0	0	0
0	0	0	0	0	0	0	0	0	0	0	0	0	0	0	0	0	0	0	0	0	0	0	0	0	0	0	0	0	0	0	0	0	0.644001710896129	0.756598276428957	0	0.914989739429954	0.677361744829469	0	0	0	0	0	0	0	0	0	0	0	0	0	0	0	0	0	0	0	0	0	0	0	0	0	0	0	0	0	0
0	0	0	0	0	0	0	0	0	0	0	0	0	0	0	0	0	0	0	0	0	0	0	0	0	0	0	0	0	0.922416529213286	0	0	0	0	0	0.914989739429954	0	0.630984767072845	0.91312304369797	0	0	0	0	0	0	0	0	0	0	0	0	0	0	0	0	0	0	0	0	0	0	0	0	0	0	0	0	0
0	0	0	0	0	0	0	0	0	0	0	0	0	0	0	0	0	0	0	0	0	0	0	0	0	0	0	0	0	0	0	0	0	0	0	0.677361744829469	0.630984767072845	0	0.992210952369929	0.590627227806522	0	0	0	0	0	0	0	0	0	0	0	0	0	0	0	0	0	0	0	0	0	0	0	0	0	0	0	0
0	0	0	0	0	0	0	0	0	0	0	0	0	0	0	0	0	0	0	0	0	0	0	0	0	0	0	0	0	0	0	0	0	0	0.991563719306729	0	0.91312304369797	0.992210952369929	0	0.717729698015348	0	0	0	0	0	0	0	0	0	0	0	0	0	0	0	0	0	0	0	0	0	0	0	0	0	0	0	0
0	0	0	0	0	0	0	0	0	0	0	0	0	0	0	0	0	0	0	0	0	0	0.832092344490406	0	0	0	0	0	0	0	0	0	0	0	0	0	0	0.590627227806522	0.717729698015348	0	0.662740236332912	0	0	0	0	0	0	0	0	0	0	0	0	0	0	0	0	0	0	0	0	0	0	0	0	0	0	0
0	0	0	0	0	0	0	0	0	0	0	0	0	0	0	0	0	0	0	0	0	0	0	0	0	0	0	0	0	0	0	0	0	0	0	0	0	0	0	0.662740236332912	0	0.962562778330937	0.984383772145182	0	0	0	0	0	0	0	0	0	0	0	0	0	0	0	0	0	0	0	0	0	0	0	0	0
0	0	0	0.794998103967883	0	0	0	0	0	0	0	0	0	0	0	0	0	0	0	0	0	0	0	0	0	0	0	0	0	0	0	0	0	0	0	0	0	0	0	0	0.962562778330937	0	0.565382681143705	0.957386753487454	0	0	0	0	0	0	0	0	0	0	0	0	0	0	0	0	0	0	0	0	0	0	0	0
0	0	0	0	0	0	0	0	0	0	0	0	0	0	0	0	0	0	0	0	0	0	0	0	0	0	0	0	0	0	0	0	0	0	0	0	0	0	0	0	0.984383772145182	0.565382681143705	0	0.869123951568183	0.659280397452788	0	0	0	0	0	0	0	0	0	0	0	0	0	0	0	0	0	0	0	0	0	0	0
0	0	0	0	0	0	0	0	0	0	0	0	0	0	0	0	0	0	0	0	0	0	0	0	0	0	0	0	0	0	0	0	0	0	0	0	0	0	0	0	0	0.957386753487454	0.869123951568183	0	0.940230564539698	0.851344180163872	0	0	0	0	0	0	0	0	0	0	0	0	0	0	0	0	0	0	0	0	0	0
0	0	0	0	0	0	0	0	0	0	0	0	0	0	0	0.710220498700901	0	0	0	0	0	0.838666872289024	0	0	0	0	0	0	0	0	0	0	0	0	0	0	0	0	0	0	0	0	0.659280397452788	0.940230564539698	0	0	0.739449919973951	0	0	0	0	0	0.981134138637519	0	0	0	0	0	0	0	0	0	0	0	0	0	0	0
0	0	0.708904260025964	0	0	0	0	0	0	0	0	0	0	0	0	0	0	0	0	0	0	0	0	0	0.918641411553094	0	0	0	0	0	0	0	0	0	0	0	0	0	0	0	0	0	0	0.851344180163872	0	0	0.810144856060951	0	0	0	0	0	0	0	0	0	0	0	0	0	0	0	0	0	0	0	0	0
0	0	0	0.827267896364235	0	0	0	0	0	0	0	0	0	0	0	0	0	0	0	0	0	0	0	0	0	0	0	0	0	0	0	0	0	0	0	0	0	0	0	0	0	0	0	0	0.739449919973951	0.810144856060951	0	0.848459319788486	0	0	0	0	0	0	0.711746900732901	0	0	0	0	0	0	0	0	0	0.753853435947339	0	0	0
0	0	0	0	0	0	0	0	0	0	0	0	0	0	0	0	0	0	0	0	0	0	0	0.574605111203071	0	0	0	0	0	0	0	0	0	0	0	0	0	0	0	0	0	0	0	0	0	0	0.848459319788486	0	0.730325626027379	0.711679976671677	0.675135069007306	0	0	0	0	0	0	0	0	0	0	0	0	0	0	0	0	0
0	0	0	0	0	0	0	0	0	0	0	0	0	0	0	0	0	0	0	0	0	0	0	0	0	0	0	0	0	0	0	0	0	0	0	0	0	0	0	0	0	0	0	0	0	0	0	0.730325626027379	0	0.84338182785262	0.993801997556939	0	0	0	0	0	0	0.936008444925716	0	0	0	0	0	0	0	0	0	0
0	0.822231145268948	0	0	0	0	0	0	0	0	0	0	0	0	0.708464800773776	0	0	0	0	0	0	0	0	0	0	0	0	0	0	0	0	0	0	0	0	0	0	0	0	0	0	0	0	0	0	0	0	0.711679976671677	0.84338182785262	0	0.791365127846486	0	0	0	0	0	0	0	0	0	0	0	0	0	0	0	0	0
0	0	0	0	0	0	0	0	0	0	0	0	0	0	0	0	0	0	0	0	0	0	0	0	0	0	0	0	0	0	0	0	0	0	0	0	0	0	0	0	0	0	0	0	0	0	0	0.675135069007306	0.993801997556939	0.791365127846486	0	0.801939873591435	0	0	0	0	0	0	0	0	0	0	0	0	0	0	0	0
0	0	0	0	0	0	0	0	0	0	0	0	0	0	0	0	0	0	0	0	0	0	0.937370690334462	0	0	0	0	0	0	0	0	0	0	0	0	0	0	0	0	0	0	0	0	0	0	0	0	0	0	0	0.801939873591435	0	0.897612326664037	0	0	0	0	0	0	0	0	0	0	0	0	0	0	0
0	0	0	0	0	0	0	0	0	0	0	0	0	0	0	0	0	0	0	0	0	0	0	0	0	0	0	0	0	0	0	0	0	0	0	0	0	0	0	0	0	0	0	0	0.981134138637519	0	0	0	0	0	0	0.897612326664037	0	0.898125952657426	0	0	0	0	0	0	0	0	0	0	0	0	0	0
0	0	0	0	0	0	0	0	0	0	0	0	0	0	0	0	0	0	0	0	0	0	0	0	0	0	0	0	0	0	0	0	0	0	0	0	0	0	0	0	0	0	0	0	0	0	0	0	0	0	0	0	0.898125952657426	0	0.769474261636048	0.894255261317566	0	0	0	0	0	0	0	0	0	0	0	0
0	0	0	0	0	0	0	0	0	0	0	0	0	0	0	0	0	0	0	0	0	0	0	0	0	0	0	0	0	0	0	0	0	0	0	0	0	0	0	0	0	0	0	0	0	0	0.711746900732901	0	0	0	0	0	0	0.769474261636048	0	0.97610568394959	0	0	0	0	0	0	0	0	0	0	0	0
0	0	0	0	0	0	0	0	0.997100187457622	0	0	0	0	0	0	0	0	0	0	0	0	0	0	0	0	0	0	0	0	0	0	0	0	0	0	0	0	0	0	0	0	0	0	0	0	0	0	0	0	0	0	0	0	0.894255261317566	0.97610568394959	0	0	0.794078812570497	0	0	0	0	0	0	0	0	0	0
0	0	0	0	0	0	0	0	0	0	0	0	0	0	0	0	0	0	0	0	0	0	0	0	0	0	0	0	0	0	0	0	0	0	0	0	0	0	0	0	0	0	0	0	0	0	0	0	0	0	0	0	0	0	0	0	0	0.89871894551228	0.837641338796504	0	0	0	0	0	0	0	0	0
0	0	0	0	0	0	0	0	0	0	0	0.926349590858927	0	0	0	0	0	0	0.9224066704643	0	0	0	0	0	0	0	0	0	0	0	0	0	0	0	0	0	0	0	0	0	0	0	0	0	0	0	0	0	0.936008444925716	0	0	0	0	0	0	0.794078812570497	0.89871894551228	0	0.834593191674386	0	0	0	0	0	0	0	0	0
0	0	0	0	0	0	0	0	0	0	0	0	0	0	0	0.781549287272822	0	0	0	0	0	0	0	0	0	0	0	0	0	0	0	0	0	0	0	0	0	0	0	0	0	0	0	0	0	0	0	0	0	0	0	0	0	0	0	0	0.837641338796504	0.834593191674386	0	0	0.830861282464793	0	0	0	0	0	0	0
0	0	0	0	0	0	0	0	0	0	0	0	0	0	0	0	0	0	0	0	0	0	0	0.931192989240361	0	0	0	0	0	0	0	0	0	0	0	0	0	0	0	0	0	0	0	0	0	0	0	0	0	0	0	0	0	0	0	0	0	0	0	0	0.730484400127567	0.946754933277099	0	0	0	0	0	0
0	0	0	0	0	0	0	0	0	0	0	0	0	0	0	0	0	0	0	0	0.929942976576032	0	0	0	0	0	0	0	0	0	0	0	0	0	0	0	0	0	0	0	0	0	0	0	0	0	0	0	0	0	0	0	0	0	0	0	0	0	0.830861282464793	0.730484400127567	0	0.885288526499195	0.94741879020173	0	0.805663773114369	0	0	0
0	0	0	0	0	0	0	0	0	0	0	0	0	0	0	0	0	0	0	0	0	0	0	0	0	0	0	0.890846103118788	0	0	0	0	0	0	0.689368785685086	0	0	0	0	0	0	0	0	0	0	0	0	0	0	0	0	0	0	0	0	0	0	0	0	0.946754933277099	0.885288526499195	0	0	0.822116273600854	0	0.915275303201583	0	0
0	0	0	0	0	0	0.756009126620295	0	0	0	0	0	0	0	0	0	0	0	0	0	0	0	0	0	0	0	0	0	0	0	0	0	0	0	0	0	0	0	0	0	0	0	0	0	0	0	0	0	0	0	0	0	0	0	0	0	0	0	0	0	0.94741879020173	0	0	0.915464953967443	0.926159719182658	0	0	0
0	0	0	0	0	0	0	0	0	0	0	0	0	0	0	0	0	0	0	0	0	0	0	0	0	0	0	0	0	0	0	0	0	0	0	0	0	0	0	0	0	0	0	0	0	0	0	0	0	0	0	0	0	0	0	0	0	0	0	0	0	0.822116273600854	0.915464953967443	0	0.899416669554444	0.784721480165745	0	0
0	0	0	0	0	0	0	0	0	0	0	0	0	0	0	0	0	0	0	0	0	0	0	0	0	0	0	0	0	0	0	0	0	0	0	0	0	0	0	0	0	0	0	0	0	0	0.753853435947339	0	0	0	0	0	0	0	0	0	0	0	0	0	0.805663773114369	0	0.926159719182658	0.899416669554444	0	0	0	0
0	0	0	0	0	0	0	0	0	0	0	0	0	0	0	0	0	0	0	0	0	0	0	0	0	0	0	0	0	0	0	0	0	0.870033645047698	0	0	0	0	0	0	0	0	0	0	0	0	0	0	0	0	0	0	0	0	0	0	0	0	0	0	0	0.915275303201583	0	0.784721480165745	0	0	0	0.602071651933034
0	0	0	0	0.676650345053433	0	0	0	0	0	0	0	0	0	0	0	0	0.838803101837192	0	0	0	0	0	0	0	0	0	0	0	0	0	0	0	0	0	0	0	0	0	0	0	0	0	0	0	0	0	0	0	0	0	0	0	0	0	0	0	0	0	0	0	0	0	0	0	0	0	0.726251204953571
0.785016282857259	0.979547702842365	0	0	0	0	0	0	0	0	0	0	0	0	0	0	0	0	0	0	0	0	0.947934727275717	0	0	0	0	0	0	0	0	0	0	0	0	0	0	0	0	0	0	0	0	0	0	0	0	0	0	0	0	0	0	0	0	0	0	0	0	0	0	0	0	0	0	0.602071651933034	0.726251204953571	0
