0	0	0.821558819253646	0	0	0	0	0	0	0	0	0	0	0	0	0	0.92117526393986	0	0	0	0	0	0	0	0	0	0	0	0	0	0	0	0	0	0	0	0	0	0	0	0	0	0	0	0	0	0	0	0	0	0	0	0	0	0	0	0	0	0	0	0	0	0	0	0	0	0.615595447297585	0.988191235497233
0	0	0.887796501884353	0.930669755160384	0	0	0	0	0	0	0	0	0	0	0	0	0	0	0	0	0	0	0	0	0	0	0	0	0	0	0	0	0	0.800376591674992	0	0	0	0	0	0	0	0	0	0	0	0	0	0	0	0	0.946702872033592	0	0	0	0	0	0	0	0.874007994111253	0	0	0	0	0	0	0	0	0.987122514675104
0.821558819253646	0.887796501884353	0	0	0	0	0	0	0	0	0	0	0.565488234263043	0	0	0	0	0.785669126470164	0	0	0	0	0	0	0	0	0	0	0	0	0	0	0	0	0	0	0	0	0	0	0	0	0	0	0	0	0	0	0	0	0	0	0	0.913890981296969	0	0	0	0	0	0	0	0	0	0	0	0	0	0
0	0.930669755160384	0	0	0	0	0	0	0	0	0	0	0	0	0	0	0	0	0	0	0.967445463563895	0	0	0	0	0	0	0	0	0	0	0	0	0	0	0	0	0	0	0	0	0	0	0	0	0	0	0	0	0	0	0	0	0	0	0	0	0	0.909727338843375	0	0	0	0	0	0	0	0	0
0	0	0	0	0	0	0	0	0	0	0	0	0.826140008237557	0	0	0	0	0	0	0	0	0	0	0	0	0	0	0	0	0	0	0	0	0	0	0	0	0	0	0	0	0	0.976955490480042	0	0	0	0	0	0	0	0	0	0	0	0	0	0	0	0	0	0	0	0	0	0	0	0	0
0	0	0	0	0	0	0.564307316303299	0.683849363091536	0	0	0	0	0	0	0	0	0	0	0	0	0	0	0	0	0	0	0	0	0	0	0	0	0	0	0	0	0	0.923175334969193	0	0	0	0	0	0	0	0	0	0	0	0.898291176473996	0	0	0	0	0	0	0	0	0	0	0	0	0	0	0	0	0	0
0	0	0	0	0	0.564307316303299	0	0	0.654224944152737	0	0	0	0	0	0	0	0	0	0	0	0	0	0	0	0	0	0	0	0	0	0	0	0	0	0	0	0	0	0	0	0	0	0.75904559213897	0	0	0	0	0	0	0	0	0	0	0	0	0.980008333388297	0	0	0	0	0	0	0	0	0	0	0	0
0	0	0	0	0	0.683849363091536	0	0	0.829147684031405	0.675251452774677	0	0	0	0	0	0	0	0	0	0	0	0	0	0	0	0	0	0	0	0	0	0	0	0	0	0	0	0	0	0	0	0	0	0	0	0	0	0	0	0	0	0	0	0	0	0	0	0	0	0	0	0	0	0	0	0	0	0
0	0	0	0	0	0	0.654224944152737	0.829147684031405	0	0.999316227774772	0.950752016244914	0	0	0	0	0	0	0	0	0	0	0	0	0	0	0	0	0	0	0	0	0	0	0	0	0	0	0	0	0	0	0	0	0	0	0	0	0	0	0	0	0	0	0	0	0	0	0	0	0	0	0	0	0	0	0	0	0
0	0	0	0	0	0	0	0.675251452774677	0.999316227774772	0	0.900586245061998	0.928691426781752	0	0	0	0	0	0	0	0	0	0	0	0	0	0	0	0	0	0	0	0	0	0	0	0	0	0	0	0.872371885303402	0	0	0	0	0	0	0	0	0	0	0	0	0	0	0	0	0	0	0	0	0	0	0	0	0	0	0	0
0	0	0	0	0	0	0	0	0.950752016244914	0.900586245061998	0	0	0.990524645897628	0	0	0	0	0	0	0	0	0	0	0	0	0	0	0	0	0	0	0	0	0	0	0	0	0	0.863562178047935	0	0	0	0	0	0	0	0	0	0	0	0	0	0	0	0	0	0	0	0	0	0	0	0	0	0	0.957027869200182	0	0
0	0	0	0	0	0	0	0	0	0.928691426781752	0	0	0.902362233403593	0.960634934623941	0	0	0	0	0	0	0	0	0	0	0	0	0	0	0	0	0	0	0	0	0	0	0	0	0	0	0	0	0	0	0	0	0	0	0	0	0	0	0	0	0	0.614605208251067	0	0	0	0	0	0	0	0	0	0	0	0
0	0	0.565488234263043	0	0.826140008237557	0	0	0	0	0	0.990524645897628	0.902362233403593	0	0.952285150548325	0.852870718780008	0	0	0	0	0	0	0	0	0	0	0	0	0	0	0	0	0	0	0	0	0	0	0	0	0	0	0	0	0	0	0	0	0	0	0	0	0	0	0	0	0	0	0	0	0	0	0	0	0	0	0	0	0
0	0	0	0	0	0	0	0	0	0	0	0.960634934623941	0.952285150548325	0	0	0.633909020274417	0	0	0	0	0	0	0	0	0	0	0	0	0	0	0.612634651707927	0	0	0	0	0	0	0	0	0	0	0	0	0	0	0	0	0	0	0	0	0	0	0	0	0	0	0	0	0	0	0	0	0	0.759930352341215	0	0	0
0	0	0	0	0	0	0	0	0	0	0	0	0.852870718780008	0	0	0	0	0	0	0	0	0	0	0	0	0	0	0	0	0	0	0	0	0	0	0	0	0	0	0	0	0.582896277641258	0	0	0	0	0	0	0	0	0	0	0	0	0	0	0	0	0	0.68467006945327	0	0	0	0	0	0	0	0
0	0	0	0	0	0	0	0	0	0	0	0	0	0.633909020274417	0	0	0.955444680748651	0.758491716761003	0	0	0	0	0	0	0.817170297095553	0	0	0	0	0	0	0	0	0	0	0	0	0	0	0	0	0	0	0	0	0	0	0	0	0	0	0	0	0	0	0	0.960890455633914	0	0	0	0	0	0	0	0	0	0	0
0.92117526393986	0	0	0	0	0	0	0	0	0	0	0	0	0	0	0.955444680748651	0	0	0	0	0	0	0	0	0	0	0.707847490753524	0	0	0	0	0.986094950655721	0	0	0	0	0	0	0	0	0	0	0	0	0	0	0	0.937118072761626	0	0	0	0	0	0	0	0	0	0	0	0	0	0	0	0	0	0	0	0
0	0	0.785669126470164	0	0	0	0	0	0	0	0	0	0	0	0	0.758491716761003	0	0	0	0.752213249867679	0	0	0	0	0	0	0	0	0	0	0	0	0	0	0	0	0	0	0	0	0	0	0	0	0	0	0	0	0	0	0	0	0	0	0	0	0	0	0	0	0	0	0	0	0	0	0	0
0	0	0	0	0	0	0	0	0	0	0	0	0	0	0	0	0	0	0	0	0.781044329219882	0	0	0	0	0	0	0	0	0	0	0	0	0	0	0	0	0	0	0	0	0	0	0	0.977237860700164	0	0	0	0	0	0	0	0	0	0	0	0	0	0	0	0	0	0	0	0	0	0	0
0	0	0	0	0	0	0	0	0	0	0	0	0	0	0	0	0	0.752213249867679	0	0	0.91475254395651	0.669703779540977	0	0	0	0	0	0	0	0	0	0	0	0	0	0	0	0	0	0	0	0	0	0	0	0	0	0	0	0	0	0	0	0	0	0	0	0	0	0	0	0	0	0	0	0	0	0
0	0	0	0.967445463563895	0	0	0	0	0	0	0	0	0	0	0	0	0	0	0.781044329219882	0.91475254395651	0	0.871101947528218	0.938556303310487	0	0	0	0	0	0	0	0	0	0	0	0	0	0	0	0	0	0	0	0	0	0	0	0	0	0	0	0	0	0	0	0	0	0	0	0	0	0	0	0	0	0	0	0	0
0	0	0	0	0	0	0	0	0	0	0	0	0	0	0	0	0	0	0	0.669703779540977	0.871101947528218	0	0	0.796753624751278	0	0	0	0	0	0	0	0	0	0	0	0	0	0	0	0	0	0	0	0	0	0	0	0	0	0	0	0	0	0	0	0	0.887319169750145	0	0	0	0	0	0	0	0	0	0	0
0	0	0	0	0	0	0	0	0	0	0	0	0	0	0	0	0	0	0	0	0.938556303310487	0	0	0.834627280295448	0.906731678743764	0.750032527646366	0	0	0	0	0	0	0	0	0	0	0	0	0	0	0	0	0	0	0.567112169469444	0	0	0	0	0	0	0	0	0	0	0	0	0	0	0	0	0	0	0	0	0	0	0
0	0	0	0	0	0	0	0	0	0	0	0	0	0	0	0	0	0	0	0	0	0.796753624751278	0.834627280295448	0	0.823637392998738	0.861191307177284	0	0	0	0	0	0	0	0	0	0	0	0	0	0	0	0	0	0	0	0	0	0	0	0	0	0	0	0	0	0	0	0	0	0	0	0	0	0	0	0	0	0
0	0	0	0	0	0	0	0	0	0	0	0	0	0	0	0.817170297095553	0	0	0	0	0	0	0.906731678743764	0.823637392998738	0	0.754830254926369	0	0	0	0	0	0	0	0	0	0	0	0	0	0	0	0.771806810906865	0	0	0	0	0	0	0	0	0	0	0	0	0	0	0	0	0	0	0	0	0	0	0	0	0	0
0	0	0	0	0	0	0	0	0	0	0	0	0	0	0	0	0	0	0	0	0	0	0.750032527646366	0.861191307177284	0.754830254926369	0	0	0.92861876818162	0	0	0	0	0	0	0	0	0	0	0	0	0	0	0	0	0	0	0	0	0	0	0	0	0	0	0	0	0	0	0	0	0	0	0	0	0	0	0	0
0	0	0	0	0	0	0	0	0	0	0	0	0	0	0	0	0.707847490753524	0	0	0	0	0	0	0	0	0	0	0.944352716457354	0	0.951710341616456	0	0	0	0	0	0	0	0	0	0	0	0	0	0	0	0	0	0	0	0	0	0	0	0	0	0	0	0	0	0	0	0	0	0	0	0	0	0
0	0	0	0	0	0	0	0	0	0	0	0	0	0	0	0	0	0	0	0	0	0	0	0	0	0.92861876818162	0.944352716457354	0	0.539032631148642	0	0	0	0	0	0	0	0	0	0	0	0	0	0	0	0	0	0	0	0.618521862525252	0	0	0	0	0	0	0	0	0	0	0	0	0	0.73548978442021	0	0	0	0	0
0	0	0	0	0	0	0	0	0	0	0	0	0	0	0	0	0	0	0	0	0	0	0	0	0	0	0	0.539032631148642	0	0.947620434140027	0.607748969858884	0	0	0	0	0	0	0	0	0	0	0	0	0	0	0	0	0	0	0	0	0	0	0	0	0	0	0	0	0	0	0	0	0	0	0	0	0
0	0	0	0	0	0	0	0	0	0	0	0	0	0	0	0	0	0	0	0	0	0	0	0	0	0	0.951710341616456	0	0.947620434140027	0	0.83707657578797	0.948612376786555	0	0	0	0	0	0	0	0	0	0	0	0	0	0	0	0	0	0	0	0	0	0	0	0	0	0	0	0	0	0	0	0	0	0	0	0
0	0	0	0	0	0	0	0	0	0	0	0	0	0.612634651707927	0	0	0	0	0	0	0	0	0	0	0	0	0	0	0.607748969858884	0.83707657578797	0	0	0	0.86574974270684	0	0	0	0	0	0	0	0	0	0	0	0	0	0	0	0	0	0	0	0	0	0	0	0	0	0.58757037121707	0	0	0	0	0.925368119609337	0	0	0
0	0	0	0	0	0	0	0	0	0	0	0	0	0	0	0	0.986094950655721	0	0	0	0	0	0	0	0	0	0	0	0	0.948612376786555	0	0	0.843984347809659	0.745519483127361	0	0	0	0	0	0	0	0	0	0	0	0	0	0	0	0	0	0	0	0	0	0	0	0	0	0	0	0	0	0	0	0	0	0
0	0	0	0	0	0	0	0	0	0	0	0	0	0	0	0	0	0	0	0	0	0	0	0	0	0	0	0	0	0	0	0.843984347809659	0	0.944213187782073	0.558322644854847	0	0	0	0	0	0	0	0	0	0	0	0	0	0	0	0	0	0	0	0	0	0	0	0	0	0	0	0	0	0	0	0	0
0	0.800376591674992	0	0	0	0	0	0	0	0	0	0	0	0	0	0	0	0	0	0	0	0	0	0	0	0	0	0	0	0	0.86574974270684	0.745519483127361	0.944213187782073	0	0	0.699382169333313	0	0	0	0	0	0	0	0	0	0	0	0	0	0	0	0	0	0	0	0	0	0	0	0	0	0	0	0	0	0	0	0
0	0	0	0	0	0	0	0	0	0	0	0	0	0	0	0	0	0	0	0	0	0	0	0	0	0	0	0	0	0	0	0	0.558322644854847	0	0	0.874181607591366	0.945218429150159	0	0	0	0	0	0	0	0	0	0	0	0	0	0	0	0	0	0	0	0	0	0	0	0	0	0	0	0	0	0	0
0	0	0	0	0	0	0	0	0	0	0	0	0	0	0	0	0	0	0	0	0	0	0	0	0	0	0	0	0	0	0	0	0	0.699382169333313	0.874181607591366	0	0.836530758434637	0.705657826820507	0	0	0	0	0	0	0	0	0	0	0	0	0	0	0	0	0	0	0	0	0	0	0	0	0	0	0	0	0	0
0	0	0	0	0	0	0	0	0	0	0	0	0	0	0	0	0	0	0	0	0	0	0	0	0	0	0	0	0	0	0	0	0	0	0.945218429150159	0.836530758434637	0	0	0.660614606944765	0	0	0.923840494155358	0	0	0	0	0	0	0	0	0	0	0	0	0	0	0	0	0	0	0	0	0	0	0	0	0	0
0	0	0	0	0	0.923175334969193	0	0	0	0	0	0	0	0	0	0	0	0	0	0	0	0	0	0	0	0	0	0	0	0	0	0	0	0	0	0.705657826820507	0	0	0.968927667207015	0	0	0	0	0	0	0	0	0	0	0	0	0	0	0	0	0	0	0	0	0	0	0	0	0	0	0	0	0
0	0	0	0	0	0	0	0	0	0	0.863562178047935	0	0	0	0	0	0	0	0	0	0	0	0	0	0	0	0	0	0	0	0	0	0	0	0	0	0.660614606944765	0.968927667207015	0	0	0.622090529340959	0	0	0	0	0	0.636874977917656	0	0	0	0	0	0	0	0	0	0	0	0	0	0	0	0	0	0	0	0	0
0	0	0	0	0	0	0	0	0	0.872371885303402	0	0	0	0	0	0	0	0	0	0	0	0	0	0	0	0	0	0	0	0	0	0	0	0	0	0	0	0	0	0	0.872678648036657	0	0	0	0	0	0	0	0	0	0	0	0	0	0	0	0	0	0	0	0	0	0	0	0	0	0	0
0	0	0	0	0	0	0	0	0	0	0	0	0	0	0	0	0	0	0	0	0	0	0	0	0	0	0	0	0	0	0	0	0	0	0	0	0	0	0.622090529340959	0.872678648036657	0	0.664179392643433	0	0	0	0	0	0	0	0	0	0.953660973697716	0	0	0	0	0	0	0	0	0	0	0	0	0	0	0	0
0	0	0	0	0	0	0	0	0	0	0	0	0	0	0.582896277641258	0	0	0	0	0	0	0	0	0	0.771806810906865	0	0	0	0	0	0	0	0	0	0	0	0.923840494155358	0	0	0	0.664179392643433	0	0	0	0	0	0	0	0	0	0	0	0	0	0	0	0	0	0	0	0	0	0	0	0	0.986373741567283	0	0
0	0	0	0	0.976955490480042	0	0.75904559213897	0	0	0	0	0	0	0	0	0	0	0	0	0	0	0	0	0	0	0	0	0	0	0	0	0	0	0	0	0	0	0	0	0	0	0	0	0.702714689863757	0.8138195320685	0	0	0	0	0	0	0	0	0	0	0	0	0	0	0	0	0	0	0	0	0	0	0
0	0	0	0	0	0	0	0	0	0	0	0	0	0	0	0	0	0	0	0	0	0	0	0	0	0	0	0	0	0	0	0	0	0	0	0	0	0	0	0	0	0	0.702714689863757	0	0	0.914814735581505	0	0	0	0	0	0	0	0	0	0.769117578498661	0	0	0	0	0	0	0	0	0	0	0	0
0	0	0	0	0	0	0	0	0	0	0	0	0	0	0	0	0	0	0.977237860700164	0	0	0	0.567112169469444	0	0	0	0	0	0	0	0	0	0	0	0	0	0	0	0	0	0	0	0.8138195320685	0	0	0	0	0.94528116453716	0	0	0	0	0	0	0	0	0	0	0	0	0	0	0	0	0	0	0	0
0	0	0	0	0	0	0	0	0	0	0	0	0	0	0	0	0	0	0	0	0	0	0	0	0	0	0	0	0	0	0	0	0	0	0	0	0	0	0	0	0	0	0	0.914814735581505	0	0	0.937608474469543	0.777015704499445	0	0	0	0	0	0	0	0	0	0	0	0	0	0	0	0	0	0	0	0
0	0	0	0	0	0	0	0	0	0	0	0	0	0	0	0	0	0	0	0	0	0	0	0	0	0	0	0	0	0	0	0	0	0	0	0	0	0	0.636874977917656	0	0	0	0	0	0	0.937608474469543	0	0.681913435486555	0.868000638087568	0	0	0	0	0	0	0	0	0	0	0	0	0	0	0	0	0	0	0
0	0	0	0	0	0	0	0	0	0	0	0	0	0	0	0	0.937118072761626	0	0	0	0	0	0	0	0	0	0	0	0	0	0	0	0	0	0	0	0	0	0	0	0	0	0	0	0.94528116453716	0.777015704499445	0.681913435486555	0	0.904941754424154	0	0	0	0	0	0	0	0	0	0	0	0	0	0	0	0	0	0	0
0	0	0	0	0	0	0	0	0	0	0	0	0	0	0	0	0	0	0	0	0	0	0	0	0	0	0	0.618521862525252	0	0	0	0	0	0	0	0	0	0	0	0	0	0	0	0	0	0	0.868000638087568	0.904941754424154	0	0.794552716838619	0.798159270058582	0	0	0	0	0	0	0	0	0	0	0	0	0	0	0	0	0
0	0	0	0	0	0.898291176473996	0	0	0	0	0	0	0	0	0	0	0	0	0	0	0	0	0	0	0	0	0	0	0	0	0	0	0	0	0	0	0	0	0	0	0	0	0	0	0	0	0	0	0.794552716838619	0	0	0.692624983717631	0	0	0	0	0	0	0	0	0	0	0	0	0	0	0	0
0	0.946702872033592	0	0	0	0	0	0	0	0	0	0	0	0	0	0	0	0	0	0	0	0	0	0	0	0	0	0	0	0	0	0	0	0	0	0	0	0	0	0	0	0	0	0	0	0	0	0	0.798159270058582	0	0	0.867610715153888	0	0	0	0	0	0	0	0	0	0	0	0	0	0	0	0
0	0	0	0	0	0	0	0	0	0	0	0	0	0	0	0	0	0	0	0	0	0	0	0	0	0	0	0	0	0	0	0	0	0	0	0	0	0	0	0	0.953660973697716	0	0	0	0	0	0	0	0	0.692624983717631	0.867610715153888	0	0.70978535541078	0.565492845176564	0	0	0	0	0	0	0	0	0	0	0	0	0	0
0	0	0	0	0	0	0	0	0	0	0	0	0	0	0	0	0	0	0	0	0	0	0	0	0	0	0	0	0	0	0	0	0	0	0	0	0	0	0	0	0	0	0	0	0	0	0	0	0	0	0	0.70978535541078	0	0.849943404535059	0.691496168930954	0	0	0	0	0	0	0	0	0	0	0	0	0
0	0	0.913890981296969	0	0	0	0	0	0	0	0	0	0	0	0	0	0	0	0	0	0	0	0	0	0	0	0	0	0	0	0	0	0	0	0	0	0	0	0	0	0	0	0	0	0	0	0	0	0	0	0	0.565492845176564	0.849943404535059	0	0	0.975839771122102	0.833895184176915	0	0	0.92300104826614	0	0	0	0	0	0	0	0
0	0	0	0	0	0	0	0	0	0	0	0	0	0	0	0	0	0	0	0	0	0	0	0	0	0	0	0	0	0	0	0	0	0	0	0	0	0	0	0	0	0	0	0	0	0	0	0	0	0	0	0	0.691496168930954	0	0	0.982082132885929	0.844727000914138	0	0	0	0	0	0	0	0	0	0	0
0	0	0	0	0	0	0.980008333388297	0	0	0	0	0.614605208251067	0	0	0	0	0	0	0	0	0	0	0	0	0	0	0	0	0	0	0	0	0	0	0	0	0	0	0	0	0	0	0	0.769117578498661	0	0	0	0	0	0	0	0	0	0.975839771122102	0.982082132885929	0	0	0	0	0	0	0	0	0	0	0	0	0
0	0	0	0	0	0	0	0	0	0	0	0	0	0	0	0.960890455633914	0	0	0	0	0	0.887319169750145	0	0	0	0	0	0	0	0	0	0	0	0	0	0	0	0	0	0	0	0	0	0	0	0	0	0	0	0	0	0	0	0.833895184176915	0.844727000914138	0	0	0	0.879714832594078	0	0	0	0	0	0	0	0	0
0	0	0	0	0	0	0	0	0	0	0	0	0	0	0	0	0	0	0	0	0	0	0	0	0	0	0	0	0	0	0	0	0	0	0	0	0	0	0	0	0	0	0	0	0	0	0	0	0	0	0	0	0	0	0	0	0	0	0.909712138678164	0.813663579188796	0	0	0	0	0	0	0	0
0	0.874007994111253	0	0.909727338843375	0	0	0	0	0	0	0	0	0	0	0	0	0	0	0	0	0	0	0	0	0	0	0	0	0	0	0	0	0	0	0	0	0	0	0	0	0	0	0	0	0	0	0	0	0	0	0	0	0	0	0	0	0.879714832594078	0.909712138678164	0	0.96751410115377	0	0	0	0	0	0	0	0
0	0	0	0	0	0	0	0	0	0	0	0	0	0	0.68467006945327	0	0	0	0	0	0	0	0	0	0	0	0	0	0	0	0.58757037121707	0	0	0	0	0	0	0	0	0	0	0	0	0	0	0	0	0	0	0	0	0	0	0.92300104826614	0	0	0	0.813663579188796	0.96751410115377	0	0	0	0	0	0	0.987650841536869	0	0
0	0	0	0	0	0	0	0	0	0	0	0	0	0	0	0	0	0	0	0	0	0	0	0	0	0	0	0	0	0	0	0	0	0	0	0	0	0	0	0	0	0	0	0	0	0	0	0	0	0	0	0	0	0	0	0	0	0	0	0	0	0.944790675555382	0.943994531951619	0	0	0	0	0
0	0	0	0	0	0	0	0	0	0	0	0	0	0	0	0	0	0	0	0	0	0	0	0	0	0	0	0	0	0	0	0	0	0	0	0	0	0	0	0	0	0	0	0	0	0	0	0	0	0	0	0	0	0	0	0	0	0	0	0	0.944790675555382	0	0.8989299383706	0.959912191305314	0	0	0	0
0	0	0	0	0	0	0	0	0	0	0	0	0	0	0	0	0	0	0	0	0	0	0	0	0	0	0	0.73548978442021	0	0	0	0	0	0	0	0	0	0	0	0	0	0	0	0	0	0	0	0	0	0	0	0	0	0	0	0	0	0	0	0	0.943994531951619	0.8989299383706	0	0.983289301686269	0	0	0	0
0	0	0	0	0	0	0	0	0	0	0	0	0	0	0	0	0	0	0	0	0	0	0	0	0	0	0	0	0	0	0	0	0	0	0	0	0	0	0	0	0	0	0	0	0	0	0	0	0	0	0	0	0	0	0	0	0	0	0	0	0	0.959912191305314	0.983289301686269	0	0.9876587265699	0.668767771087831	0	0
0	0	0	0	0	0	0	0	0	0	0	0	0	0.759930352341215	0	0	0	0	0	0	0	0	0	0	0	0	0	0	0	0	0.925368119609337	0	0	0	0	0	0	0	0	0	0	0	0	0	0	0	0	0	0	0	0	0	0	0	0	0	0	0	0	0	0	0	0	0.9876587265699	0	0	0.774676903385971	0
0	0	0	0	0	0	0	0	0	0	0.957027869200182	0	0	0	0	0	0	0	0	0	0	0	0	0	0	0	0	0	0	0	0	0	0	0	0	0	0	0	0	0	0	0.986373741567283	0	0	0	0	0	0	0	0	0	0	0	0	0	0	0	0	0	0.987650841536869	0	0	0	0.668767771087831	0	0	0	0
0.615595447297585	0	0	0	0	0	0	0	0	0	0	0	0	0	0	0	0	0	0	0	0	0	0	0	0	0	0	0	0	0	0	0	0	0	0	0	0	0	0	0	0	0	0	0	0	0	0	0	0	0	0	0	0	0	0	0	0	0	0	0	0	0	0	0	0.774676903385971	0	0	0.669716981897415
0.988191235497233	0.987122514675104	0	0	0	0	0	0	0	0	0	0	0	0	0	0	0	0	0	0	0	0	0	0	0	0	0	0	0	0	0	0	0	0	0	0	0	0	0	0	0	0	0	0	0	0	0	0	0	0	0	0	0	0	0	0	0	0	0	0	0	0	0	0	0	0	0.669716981897415	0
