0	0.960044755528982	0	0	0	0	0	0	0	0	0	0	0	0	0	0	0	0	0	0	0	0	0	0	0	0	0	0	0	0	0	0	0	0	0	0	0	0	0	0	0	0	0	0	0	0	0.843207412654695	0	0	0	0	0	0	0	0	0	0	0	0	0	0	0	0	0	0	0	0.876196101160199	0.731484503607033
0.960044755528982	0	0.997778956559911	0.912934611654818	0	0	0	0	0	0	0	0	0	0	0	0	0	0	0	0	0	0	0	0	0	0	0	0	0	0	0	0	0	0	0	0	0	0	0	0	0	0	0	0	0	0	0	0	0	0	0	0	0	0	0	0	0	0	0	0	0	0	0	0	0	0	0	0.556974650174413
0	0.997778956559911	0	0.912869540028632	0	0	0	0	0	0	0	0	0	0	0	0	0	0	0	0	0	0	0	0	0	0	0	0.803241732601398	0	0	0	0	0	0	0	0	0	0	0	0	0	0	0	0	0	0	0	0	0	0	0	0	0	0	0	0	0	0	0	0	0	0	0	0	0.769401850906476	0	0	0
0	0.912934611654818	0.912869540028632	0	0.923772547491495	0	0	0	0	0	0	0	0	0	0	0	0	0	0	0	0	0	0	0.639444706974896	0	0	0	0	0	0	0	0	0	0	0	0	0	0	0	0	0	0	0	0	0	0	0	0	0	0	0.894375741737206	0	0	0	0	0	0	0	0	0	0	0	0	0	0	0	0	0
0	0	0	0.923772547491495	0	0	0.781186842380276	0	0	0	0	0	0	0	0	0	0	0	0	0	0	0	0	0	0	0	0	0	0	0	0	0	0	0	0	0	0	0	0	0	0	0	0	0	0	0	0	0.928031904323108	0	0	0	0	0	0	0	0	0	0	0	0	0	0	0	0	0	0	0	0
0	0	0	0	0	0	0.75572689600389	0	0	0	0	0	0	0	0	0	0	0	0	0	0	0	0	0	0	0	0	0	0	0	0	0	0.862224003982144	0	0	0	0.529703979181845	0	0	0	0	0	0	0	0	0	0	0	0	0	0	0	0	0	0	0	0	0	0	0	0	0	0	0	0	0	0	0
0	0	0	0	0.781186842380276	0.75572689600389	0	0.982585391393956	0.680438487914591	0	0	0	0	0	0	0	0	0	0	0	0	0	0	0	0	0	0	0	0	0	0	0	0	0	0	0	0	0	0	0	0	0	0	0	0	0	0	0	0	0	0	0	0	0	0	0	0	0	0	0	0	0	0	0	0	0.814227631014525	0	0
0	0	0	0	0	0	0.982585391393956	0	0	0.975912480859034	0	0	0	0	0	0.620759504366406	0	0	0	0	0	0	0	0	0	0	0	0	0	0	0	0	0	0	0	0	0	0	0	0	0	0	0	0	0	0	0	0	0	0	0	0	0	0	0	0	0	0	0	0	0	0	0	0	0	0	0	0
0	0	0	0	0	0	0.680438487914591	0	0	0.649141954814409	0.922076737354104	0	0	0	0	0	0	0.895970419420458	0.560080935782631	0	0	0	0	0	0	0	0	0	0	0	0	0	0	0	0	0	0	0	0.628474054925253	0	0	0	0.87753415930825	0	0	0	0	0	0	0	0	0	0	0	0	0	0	0	0	0	0	0	0	0	0	0	0	0
0	0	0	0	0	0	0	0.975912480859034	0.649141954814409	0	0.979891565436379	0.90148653240422	0	0	0	0	0	0	0	0	0	0	0	0	0	0	0	0	0.761532243261269	0	0	0	0	0	0	0	0	0	0	0	0	0	0	0	0	0	0	0	0	0	0	0	0	0	0	0	0	0	0	0	0	0	0	0	0	0	0	0
0	0	0	0	0	0	0	0	0.922076737354104	0.979891565436379	0	0	0	0	0	0	0	0	0	0	0	0	0	0	0	0	0	0	0	0	0	0	0	0	0	0	0	0.822171892828517	0	0	0	0	0	0.950910061581502	0	0	0	0	0	0	0	0	0	0	0	0	0	0	0	0	0	0	0	0	0	0	0	0
0	0	0	0	0	0	0	0	0	0.90148653240422	0	0	0	0.906253912904753	0	0	0.877629371793107	0	0	0	0	0	0	0	0	0	0	0	0	0	0	0	0	0	0	0	0	0	0	0	0	0	0	0	0	0	0	0	0	0	0	0	0	0	0.638893825131448	0	0	0	0	0	0	0	0	0	0	0	0	0
0	0	0	0	0	0	0	0	0	0	0	0	0	0.654980936682194	0.839051872635717	0	0	0	0	0	0	0.715860765657596	0	0	0	0	0	0	0	0	0	0	0	0	0	0	0	0	0	0	0	0	0	0	0	0	0	0	0	0	0	0	0	0	0	0	0	0	0	0	0	0	0	0	0	0	0	0
0	0	0	0	0	0	0	0	0	0	0	0.906253912904753	0.654980936682194	0	0.633865136538266	0.905307421059798	0	0	0	0	0	0	0	0	0	0	0	0	0	0	0	0	0	0	0	0	0	0	0	0	0	0	0	0	0.989695183586489	0	0	0	0	0	0	0	0	0	0	0	0	0	0	0	0.703379245791769	0	0	0	0	0	0	0
0	0	0	0	0	0	0	0	0	0	0	0	0.839051872635717	0.633865136538266	0	0	0.870629642934679	0	0.996501130432042	0	0	0	0	0	0	0	0	0	0	0	0	0	0	0	0	0	0	0	0	0	0	0	0	0	0	0	0	0	0	0	0	0	0	0	0	0	0	0	0	0	0	0	0	0.836047088499109	0	0	0	0
0	0	0	0	0	0	0	0.620759504366406	0	0	0	0	0	0.905307421059798	0	0	0.914030854907237	0.666385055088641	0	0	0	0	0	0	0	0	0	0	0	0	0	0	0	0	0	0	0	0	0	0	0	0	0	0	0	0.842185084997581	0	0	0	0	0	0.652942901395057	0	0	0	0	0	0	0	0	0	0	0	0	0	0	0	0
0	0	0	0	0	0	0	0	0	0	0	0.877629371793107	0	0	0.870629642934679	0.914030854907237	0	0.744092855471633	0.95422922234915	0	0	0	0	0	0	0	0	0	0	0	0	0	0	0	0	0	0	0	0	0	0	0	0	0	0	0	0	0	0	0	0	0	0	0	0	0	0	0	0	0	0	0	0	0	0	0	0	0
0	0	0	0	0	0	0	0	0.895970419420458	0	0	0	0	0	0	0.666385055088641	0.744092855471633	0	0	0	0	0	0	0	0	0	0	0	0	0	0	0	0	0	0	0	0	0	0	0	0	0	0	0	0	0	0	0	0	0	0	0	0	0	0	0	0.765403963126092	0	0	0	0	0	0	0	0	0	0	0
0	0	0	0	0	0	0	0	0.560080935782631	0	0	0	0	0	0.996501130432042	0	0.95422922234915	0	0	0.96504958948728	0	0	0	0	0	0	0	0	0	0	0	0	0	0	0	0	0	0	0	0	0	0	0	0	0	0	0	0	0	0	0	0	0	0	0	0	0	0	0	0	0	0	0	0	0	0	0	0
0	0	0	0	0	0	0	0	0	0	0	0	0	0	0	0	0	0	0.96504958948728	0	0.935662907206889	0	0	0	0	0	0	0	0	0	0	0	0	0	0	0	0	0	0	0	0	0	0.931451102468537	0	0	0	0	0	0	0	0	0	0	0	0	0	0	0	0	0	0	0	0	0	0	0	0	0
0	0	0	0	0	0	0	0	0	0	0	0	0	0	0	0	0	0	0	0.935662907206889	0	0.904660456877894	0.959132513373393	0	0	0	0	0	0	0	0	0	0	0	0	0	0	0	0	0	0	0	0	0	0	0	0	0	0	0	0	0	0	0	0	0	0	0	0	0	0	0	0	0	0	0	0	0
0	0	0	0	0	0	0	0	0	0	0	0	0.715860765657596	0	0	0	0	0	0	0	0.904660456877894	0	0	0	0	0	0	0	0	0	0	0	0.99413812235352	0	0	0	0	0	0	0	0	0	0	0	0	0	0	0	0	0	0	0	0	0	0	0	0	0	0	0	0	0	0	0	0	0	0	0
0	0	0	0	0	0	0	0	0	0	0	0	0	0	0	0	0	0	0	0	0.959132513373393	0	0	0.983351259821513	0.953681268116259	0	0	0	0	0	0	0	0	0	0	0	0	0	0	0	0	0	0	0	0	0	0	0	0	0	0	0	0	0	0	0	0	0	0	0	0	0	0	0	0	0	0	0
0	0	0	0.639444706974896	0	0	0	0	0	0	0	0	0	0	0	0	0	0	0	0	0	0	0.983351259821513	0	0.850193745609422	0	0	0	0	0	0	0	0.65482957353196	0	0	0	0	0	0	0	0	0	0	0	0	0	0	0	0.903303647687994	0	0	0	0	0	0	0	0	0	0	0	0	0	0	0	0	0	0	0
0	0	0	0	0	0	0	0	0	0	0	0	0	0	0	0	0	0	0	0	0	0	0.953681268116259	0.850193745609422	0	0.772242716901321	0.946309134619822	0	0	0	0	0	0	0	0	0	0	0	0	0	0	0	0	0	0	0	0	0	0	0	0	0	0	0	0	0	0	0	0	0	0	0	0	0	0	0	0	0
0	0	0	0	0	0	0	0	0	0	0	0	0	0	0	0	0	0	0	0	0	0	0	0	0.772242716901321	0	0.973229169751723	0.661539825883332	0	0	0	0	0	0	0	0	0	0	0	0	0	0	0	0	0	0	0	0	0	0	0	0	0	0	0	0	0	0	0	0	0	0	0	0	0	0	0	0
0	0	0	0	0	0	0	0	0	0	0	0	0	0	0	0	0	0	0	0	0	0	0	0	0.946309134619822	0.973229169751723	0	0	0	0	0	0	0.748813701062828	0	0	0	0	0	0	0	0	0	0	0	0	0	0	0	0	0	0	0	0	0	0	0	0	0	0	0	0	0	0	0.981921745080917	0	0	0	0
0	0	0.803241732601398	0	0	0	0	0	0	0	0	0	0	0	0	0	0	0	0	0	0	0	0	0	0	0.661539825883332	0	0	0.964840634881092	0.822862136249231	0	0	0	0	0	0	0	0	0	0	0	0	0	0	0	0	0	0	0	0	0	0	0	0	0	0	0	0	0	0	0	0	0	0	0	0	0	0
0	0	0	0	0	0	0	0	0	0.761532243261269	0	0	0	0	0	0	0	0	0	0	0	0	0	0	0	0	0	0.964840634881092	0	0.949471191925994	0	0	0	0	0	0	0	0	0	0	0	0	0	0	0	0	0	0	0	0	0	0	0	0	0	0	0	0	0	0	0	0	0	0	0	0	0	0
0	0	0	0	0	0	0	0	0	0	0	0	0	0	0	0	0	0	0	0	0	0	0	0	0	0	0	0.822862136249231	0.949471191925994	0	0.970606288092215	0	0	0	0	0	0	0.978100968617002	0	0	0	0	0	0	0	0	0	0	0	0	0	0	0	0	0	0	0	0.948675918241698	0	0	0	0.931363199188723	0	0	0	0	0	0
0	0	0	0	0	0	0	0	0	0	0	0	0	0	0	0	0	0	0	0	0	0	0	0	0	0	0	0	0	0.970606288092215	0	0.753967594266959	0.78897936894686	0	0	0	0	0	0	0	0	0	0	0	0	0	0	0	0	0	0	0	0	0	0	0	0	0	0	0	0	0	0	0	0	0	0	0
0	0	0	0	0	0	0	0	0	0	0	0	0	0	0	0	0	0	0	0	0	0	0	0	0	0	0	0	0	0	0.753967594266959	0	0	0.715234019537361	0	0	0	0	0	0	0	0	0	0	0	0	0	0	0	0	0	0	0	0	0	0	0.836447031689977	0	0	0	0	0	0	0	0	0	0	0
0	0	0	0	0	0.862224003982144	0	0	0	0	0	0	0	0	0	0	0	0	0	0	0	0.99413812235352	0	0.65482957353196	0	0	0.748813701062828	0	0	0	0.78897936894686	0	0	0	0.925877471752608	0	0	0	0	0	0	0	0	0	0	0	0	0	0	0	0	0	0	0	0	0	0	0	0	0	0.771497135448898	0	0.796580096825382	0	0	0	0	0
0	0	0	0	0	0	0	0	0	0	0	0	0	0	0	0	0	0	0	0	0	0	0	0	0	0	0	0	0	0	0	0.715234019537361	0	0	0.723397770819136	0	0	0	0.789963300826733	0	0	0	0	0	0	0	0	0	0	0	0	0	0	0	0	0	0	0	0	0	0	0	0	0	0	0	0	0
0	0	0	0	0	0	0	0	0	0	0	0	0	0	0	0	0	0	0	0	0	0	0	0	0	0	0	0	0	0	0	0	0.925877471752608	0.723397770819136	0	0.793358982087083	0.876762308758891	0	0	0	0	0	0	0	0	0	0	0	0	0	0	0	0	0	0	0	0	0	0	0	0	0	0	0	0	0	0	0
0	0	0	0	0	0	0	0	0	0	0	0	0	0	0	0	0	0	0	0	0	0	0	0	0	0	0	0	0	0	0	0	0	0	0.793358982087083	0	0.957233481473277	0.943662580425167	0	0	0	0	0	0	0	0	0	0	0	0	0	0	0	0	0	0	0	0	0	0	0	0	0	0	0	0	0	0
0	0	0	0	0	0.529703979181845	0	0	0	0	0	0	0	0	0	0	0	0	0	0	0	0	0	0	0	0	0	0	0	0	0	0	0	0	0.876762308758891	0.957233481473277	0	0.933283362380591	0	0	0	0	0	0	0	0	0	0	0	0	0	0	0	0	0	0	0	0	0	0	0	0	0	0	0	0	0	0
0	0	0	0	0	0	0	0	0	0	0.822171892828517	0	0	0	0	0	0	0	0	0	0	0	0	0	0	0	0	0	0	0.978100968617002	0	0	0	0	0	0.943662580425167	0.933283362380591	0	0	0.777574719529409	0	0	0	0	0	0	0	0	0	0	0	0	0	0	0	0	0	0	0	0	0	0	0	0	0	0	0	0
0	0	0	0	0	0	0	0	0.628474054925253	0	0	0	0	0	0	0	0	0	0	0	0	0	0	0	0	0	0	0	0	0	0	0	0	0.789963300826733	0	0	0	0	0	0	0	0	0	0	0	0	0	0	0	0	0	0	0.542507229167637	0	0	0	0	0	0	0	0	0	0	0	0	0.924706830882758	0	0
0	0	0	0	0	0	0	0	0	0	0	0	0	0	0	0	0	0	0	0	0	0	0	0	0	0	0	0	0	0	0	0	0	0	0	0	0	0.777574719529409	0	0	0	0.68840737541777	0	0	0	0	0	0	0	0	0	0	0	0	0	0	0	0	0	0	0	0	0	0	0	0.839897838760822	0	0
0	0	0	0	0	0	0	0	0	0	0	0	0	0	0	0	0	0	0	0	0	0	0	0	0	0	0	0	0	0	0	0	0	0	0	0	0	0	0	0	0	0.931402642082743	0.64003733630035	0	0	0	0	0	0	0	0	0	0	0	0	0	0	0	0	0	0	0	0	0	0	0	0	0
0	0	0	0	0	0	0	0	0	0	0	0	0	0	0	0	0	0	0	0	0	0	0	0	0	0	0	0	0	0	0	0	0	0	0	0	0	0	0	0.68840737541777	0.931402642082743	0	0.966761009857686	0.963598674148546	0	0	0	0	0	0	0	0	0	0	0	0	0	0	0	0	0	0	0	0	0	0	0	0
0	0	0	0	0	0	0	0	0.87753415930825	0	0	0	0	0	0	0	0	0	0	0.931451102468537	0	0	0	0	0	0	0	0	0	0	0	0	0	0	0	0	0	0	0	0	0.64003733630035	0.966761009857686	0	0.887178058748386	0	0	0	0	0	0	0	0	0	0	0	0	0	0	0	0	0	0	0	0	0	0	0	0
0	0	0	0	0	0	0	0	0	0	0.950910061581502	0	0	0	0	0	0	0	0	0	0	0	0	0	0	0	0	0	0	0	0	0	0	0	0	0	0	0	0	0	0	0.963598674148546	0.887178058748386	0	0.895059102277089	0.98736527894727	0	0	0	0	0	0	0	0	0	0	0	0	0	0	0	0	0	0	0	0	0	0
0	0	0	0	0	0	0	0	0	0	0	0	0	0.989695183586489	0	0	0	0	0	0	0	0	0	0	0	0	0	0	0	0	0	0	0	0	0	0	0	0	0	0	0	0	0	0.895059102277089	0	0.656216569759195	0	0	0	0	0	0	0	0	0	0	0	0	0	0	0	0	0	0	0	0	0	0
0	0	0	0	0	0	0	0	0	0	0	0	0	0	0	0.842185084997581	0	0	0	0	0	0	0	0	0	0	0	0	0	0	0	0	0	0	0	0	0	0	0	0	0	0	0	0.98736527894727	0.656216569759195	0	0.880204361032301	0	0	0	0	0	0	0	0	0	0	0	0	0	0	0	0	0	0	0	0	0
0.843207412654695	0	0	0	0	0	0	0	0	0	0	0	0	0	0	0	0	0	0	0	0	0	0	0	0	0	0	0	0	0	0	0	0	0	0	0	0	0	0	0	0	0	0	0	0	0.880204361032301	0	0.717235354477766	0.889709337879605	0	0	0	0	0	0	0	0	0	0	0	0	0	0	0	0	0	0	0
0	0	0	0	0.928031904323108	0	0	0	0	0	0	0	0	0	0	0	0	0	0	0	0	0	0	0	0	0	0	0	0	0	0	0	0	0	0	0	0	0	0	0	0	0	0	0	0	0	0.717235354477766	0	0.85187575566843	0	0	0	0	0	0	0	0	0	0	0	0	0	0	0	0	0	0	0.834063775937642
0	0	0	0	0	0	0	0	0	0	0	0	0	0	0	0	0	0	0	0	0	0	0	0.903303647687994	0	0	0	0	0	0	0	0	0	0	0	0	0	0	0	0	0	0	0	0	0	0	0.889709337879605	0.85187575566843	0	0	0.860918465214262	0	0	0	0	0	0	0	0	0.871738614438419	0	0	0	0	0	0	0	0
0	0	0	0	0	0	0	0	0	0	0	0	0	0	0	0	0	0	0	0	0	0	0	0	0	0	0	0	0	0	0	0	0	0	0	0	0	0	0	0	0	0	0	0	0	0	0	0	0	0	0	0.888221497202452	0.633777994245389	0	0	0	0	0	0	0	0	0	0	0	0	0	0	0
0	0	0	0.894375741737206	0	0	0	0	0	0	0	0	0	0	0	0	0	0	0	0	0	0	0	0	0	0	0	0	0	0	0	0	0	0	0	0	0	0	0	0	0	0	0	0	0	0	0	0	0.860918465214262	0	0	0	0.843075905107075	0	0	0	0	0	0	0	0	0	0	0	0	0	0	0
0	0	0	0	0	0	0	0	0	0	0	0	0	0	0	0.652942901395057	0	0	0	0	0	0	0	0	0	0	0	0	0	0	0	0	0	0	0	0	0	0	0	0	0	0	0	0	0	0	0	0	0	0.888221497202452	0	0	0.83453504981858	0	0	0	0	0	0	0	0	0	0	0	0	0	0	0
0	0	0	0	0	0	0	0	0	0	0	0	0	0	0	0	0	0	0	0	0	0	0	0	0	0	0	0	0	0	0	0	0	0	0	0	0	0	0.542507229167637	0	0	0	0	0	0	0	0	0	0	0.633777994245389	0.843075905107075	0.83453504981858	0	0.821146789612494	0.737165766475489	0	0	0	0	0	0	0	0	0	0	0	0	0
0	0	0	0	0	0	0	0	0	0	0	0	0	0	0	0	0	0	0	0	0	0	0	0	0	0	0	0	0	0	0	0	0	0	0	0	0	0	0	0	0	0	0	0	0	0	0	0	0	0	0	0	0.821146789612494	0	0	0.960561193225323	0	0	0	0.769335399785571	0	0	0	0	0	0	0	0
0	0	0	0	0	0	0	0	0	0	0	0.638893825131448	0	0	0	0	0	0	0	0	0	0	0	0	0	0	0	0	0	0	0	0	0	0	0	0	0	0	0	0	0	0	0	0	0	0	0	0	0	0	0	0	0.737165766475489	0	0	0.93101911887466	0	0	0	0	0	0	0	0	0	0	0	0
0	0	0	0	0	0	0	0	0	0	0	0	0	0	0	0	0	0	0	0	0	0	0	0	0	0	0	0	0	0	0	0	0	0	0	0	0	0	0	0	0	0	0	0	0	0	0	0	0	0	0	0	0	0.960561193225323	0.93101911887466	0	0.9004221966728	0.868587287420187	0	0	0	0	0	0	0	0	0	0
0	0	0	0	0	0	0	0	0	0	0	0	0	0	0	0	0	0.765403963126092	0	0	0	0	0	0	0	0	0	0	0	0	0	0.836447031689977	0	0	0	0	0	0	0	0	0	0	0	0	0	0	0	0	0	0	0	0	0	0	0	0.9004221966728	0	0.650580482360821	0	0	0	0	0	0.809435702229884	0	0	0	0
0	0	0	0	0	0	0	0	0	0	0	0	0	0	0	0	0	0	0	0	0	0	0	0	0	0	0	0	0	0.948675918241698	0	0	0	0	0	0	0	0	0	0	0	0	0	0	0	0	0	0	0	0	0	0	0	0	0	0.868587287420187	0.650580482360821	0	0	0.644306466556259	0	0	0	0	0	0	0	0
0	0	0	0	0	0	0	0	0	0	0	0	0	0	0	0	0	0	0	0	0	0	0	0	0	0	0	0	0	0	0	0	0	0	0	0	0	0	0	0	0	0	0	0	0	0	0	0	0	0	0	0	0	0	0	0	0	0	0	0.882604888618308	0.523206957874439	0	0	0	0	0	0	0
0	0	0	0	0	0	0	0	0	0	0	0	0	0	0	0	0	0	0	0	0	0	0	0	0	0	0	0	0	0	0	0	0	0	0	0	0	0	0	0	0	0	0	0	0	0	0	0	0.871738614438419	0	0	0	0	0.769335399785571	0	0	0	0.644306466556259	0.882604888618308	0	0	0.552251940549494	0	0	0	0	0	0
0	0	0	0	0	0	0	0	0	0	0	0	0	0.703379245791769	0	0	0	0	0	0	0	0	0	0	0	0	0	0	0	0	0	0	0.771497135448898	0	0	0	0	0	0	0	0	0	0	0	0	0	0	0	0	0	0	0	0	0	0	0	0	0	0.523206957874439	0	0	0	0.585839170393815	0	0	0	0	0
0	0	0	0	0	0	0	0	0	0	0	0	0	0	0	0	0	0	0	0	0	0	0	0	0	0	0	0	0	0.931363199188723	0	0	0	0	0	0	0	0	0	0	0	0	0	0	0	0	0	0	0	0	0	0	0	0	0	0	0	0	0	0.552251940549494	0	0	0.916359122011628	0.80336466256588	0	0	0	0
0	0	0	0	0	0	0	0	0	0	0	0	0	0	0	0	0	0	0	0	0	0	0	0	0	0	0	0	0	0	0	0	0.796580096825382	0	0	0	0	0	0	0	0	0	0	0	0	0	0	0	0	0	0	0	0	0	0	0	0	0	0	0	0.585839170393815	0.916359122011628	0	0	0.559607314665986	0	0	0
0	0	0	0	0	0	0	0	0	0	0	0	0	0	0.836047088499109	0	0	0	0	0	0	0	0	0	0	0	0.981921745080917	0	0	0	0	0	0	0	0	0	0	0	0	0	0	0	0	0	0	0	0	0	0	0	0	0	0	0	0	0	0.809435702229884	0	0	0	0	0.80336466256588	0	0	0	0.787836815685771	0	0
0	0	0.769401850906476	0	0	0	0	0	0	0	0	0	0	0	0	0	0	0	0	0	0	0	0	0	0	0	0	0	0	0	0	0	0	0	0	0	0	0	0	0	0	0	0	0	0	0	0	0	0	0	0	0	0	0	0	0	0	0	0	0	0	0	0.559607314665986	0	0	0.789170590843094	0	0
0	0	0	0	0	0	0.814227631014525	0	0	0	0	0	0	0	0	0	0	0	0	0	0	0	0	0	0	0	0	0	0	0	0	0	0	0	0	0	0	0	0.924706830882758	0.839897838760822	0	0	0	0	0	0	0	0	0	0	0	0	0	0	0	0	0	0	0	0	0	0	0	0.787836815685771	0.789170590843094	0	0	0
0.876196101160199	0	0	0	0	0	0	0	0	0	0	0	0	0	0	0	0	0	0	0	0	0	0	0	0	0	0	0	0	0	0	0	0	0	0	0	0	0	0	0	0	0	0	0	0	0	0	0	0	0	0	0	0	0	0	0	0	0	0	0	0	0	0	0	0	0	0	0.605126545525242
0.731484503607033	0.556974650174413	0	0	0	0	0	0	0	0	0	0	0	0	0	0	0	0	0	0	0	0	0	0	0	0	0	0	0	0	0	0	0	0	0	0	0	0	0	0	0	0	0	0	0	0	0	0.834063775937642	0	0	0	0	0	0	0	0	0	0	0	0	0	0	0	0	0	0	0.605126545525242	0
